batch,Epoch,Resource,A,B,C,D,E
1,0,8500,29,46,17,34,116
1,1,7749.529768403398,40,58,19,34,141
1,2,7375.4189114094825,62,86,23,42,195
1,3,6447.054762228758,93,110,23,42,250
1,4,5295.174614855208,137,143,28,49,333
1,5,2215.1151951906972,217,201,32,57,475
1,6,0,233,192,27,44,468
1,7,0,188,159,15,33,377
1,8,0,149,116,12,27,291
1,9,0,109,99,8,25,229
1,10,0,82,80,6,23,181
1,11,0,63,55,3,17,129
1,12,0,50,41,2,16,99
1,13,0,41,29,2,13,77
1,14,0,30,21,2,9,57
1,15,20.0,27,21,2,10,54
1,16,0,22,19,1,8,45
1,17,0,15,16,1,8,35
1,18,0,11,13,1,7,28
1,19,245.0,8,13,1,8,25
1,20,22.5,10,15,1,11,29
1,21,0,8,13,1,8,24
1,22,0,7,9,1,7,19
1,23,0,5,6,0,4,13
1,24,320.0,6,6,0,5,14
1,25,255.0,10,5,0,5,17
1,26,68.70004041647314,12,6,0,6,20
1,27,0,14,5,0,6,21
1,28,0,14,2,0,6,17
1,29,0,12,1,0,4,14
1,30,320.4563562095421,13,1,0,4,15
1,31,256.14089052385526,17,2,0,4,20
1,32,100.12404820486711,22,2,0,5,25
1,33,0,21,2,0,3,24
1,34,0,16,2,0,3,19
1,35,0,12,1,0,3,14
1,36,350.4563562095421,12,1,0,2,14
1,37,331.14089052385526,15,1,0,3,17
1,38,242.16769199532501,20,1,0,3,22
1,39,18.70789420252963,26,1,0,3,28
1,40,0,20,1,0,3,22
1,41,0,16,1,0,3,18
1,42,0,12,1,0,3,13
1,43,305.4563562095421,13,1,0,3,14
1,44,248.64089052385526,17,1,0,4,18
1,45,103.87404820486711,21,1,0,4,22
1,46,0,22,1,0,2,23
1,47,0,19,1,0,1,20
1,48,0,16,0,0,1,16
1,49,276.3690686286263,18,0,0,1,18
1,50,175.46631536202358,23,0,0,1,23
1,51,0,29,0,0,1,29
1,52,0,22,0,0,1,22
1,53,0,17,0,0,1,17
1,54,395.0,14,0,0,0,14
1,55,442.5,17,0,0,0,17
1,56,483.75,20,0,0,0,20
1,57,470.625,24,0,0,0,24
1,58,390.47483521602015,29,0,0,0,29
1,59,180.24958804005038,37,0,0,0,37
1,60,0,37,0,0,0,37
1,61,0,30,0,0,0,30
1,62,0,22,0,0,0,22
1,63,274.0746704320403,24,0,0,0,24
1,64,140.1866760801008,28,0,0,0,28
1,65,0,27,0,0,0,27
1,66,0,24,0,0,0,24
1,67,0,19,0,0,0,19
1,68,349.53733521602015,19,0,0,0,19
1,69,313.84333804005036,24,0,0,0,24
1,70,215.30234227609566,27,0,0,0,27
1,71,0,32,0,0,0,32
1,72,0,27,0,0,0,27
1,73,0,23,0,0,0,23
1,74,316.6240538643696,20,0,0,0,20
1,75,231.560134660924,25,0,0,0,25
1,76,26.050974504105156,31,0,0,0,31
1,77,0,24,0,0,0,24
1,78,0,20,0,0,0,20
1,79,0,12,0,0,0,12
1,80,361.6240538643696,14,0,0,0,14
1,81,373.59746987694416,18,0,0,0,18
1,82,328.40856321151415,22,0,0,0,22
1,83,164.56289117742668,27,0,0,0,27
1,84,0,31,0,0,0,31
1,85,0,28,0,0,0,28
1,86,0,19,0,0,0,19
1,87,280.56174182842716,20,0,0,0,20
1,88,120.34204253512556,28,0,0,0,28
1,89,0,29,0,0,0,29
1,90,0,25,0,0,0,25
1,91,0,20,0,0,0,20
1,92,313.7107725127191,21,0,0,0,21
1,93,251.36364993014712,23,0,0,0,23
1,94,82.38030127230941,29,0,0,0,29
1,95,0,29,0,0,0,29
1,96,0,24,0,0,0,24
1,97,0,20,0,0,0,20
1,98,308.34687459339784,19,0,0,0,19
1,99,210.86718648349463,26,0,0,0,26
1,100,16.73437296698934,32,0,0,0,32
1,101,0,26,0,0,0,26
1,102,0,21,0,0,0,21
1,103,0,14,0,0,0,14
1,104,290.4335932417473,18,0,0,0,18
1,105,178.17070175271775,23,0,0,0,23
1,106,0,28,0,0,0,28
1,107,0,26,0,0,0,26
1,108,0,21,0,0,0,21
1,109,383.34687459339784,18,0,0,0,18
1,110,446.28046783514515,15,0,0,0,15
1,111,474.854294994465,18,0,0,0,18
1,112,451.8884730301438,24,0,0,0,24
1,113,283.68403197626094,33,0,0,0,33
1,114,0,41,0,0,0,41
1,115,0,36,0,0,0,36
1,116,0,31,0,0,0,31
1,117,131.64615702944744,36,0,0,0,36
1,118,0,35,0,0,0,35
1,119,0,31,0,0,0,31
1,120,0,24,0,0,0,24
1,121,273.3310105409484,26,0,0,0,26
1,122,117.50096364906996,30,0,0,0,30
1,123,0,32,0,0,0,32
1,124,0,24,0,0,0,24
1,125,0,22,0,0,0,22
1,126,282.5044478376473,23,0,0,0,23
1,127,201.24525554166888,25,0,0,0,25
1,128,11.427321693601357,29,0,0,0,29
1,129,0,29,0,0,0,29
1,130,0,24,0,0,0,24
1,131,0,19,0,0,0,19
1,132,389.304206848228,16,0,0,0,16
1,133,440.3472357689194,17,0,0,0,17
1,134,454.1292673498351,22,0,0,0,22
1,135,375.6163239512649,29,0,0,0,29
1,136,128.66091808346593,40,0,0,0,40
1,137,0,40,0,0,0,40
1,138,0,33,0,0,0,33
1,139,0,28,0,0,0,28
1,140,289.7979177150853,28,0,0,0,28
1,141,169.39550949152064,28,0,0,0,28
1,142,0,33,0,0,0,33
1,143,0,28,0,0,0,28
1,144,0,24,0,0,0,24
1,145,340.4168465250042,26,0,0,0,26
1,146,303.3163764614931,28,0,0,0,28
1,147,194.89264708588524,28,0,0,0,28
1,148,0,33,0,0,0,33
1,149,0,31,0,0,0,31
1,150,0,25,0,0,0,25
1,151,268.35792074064193,30,0,0,0,30
1,152,107.13034284132858,34,0,0,0,34
1,153,0,31,0,0,0,31
1,154,0,23,0,0,0,23
1,155,0,19,0,0,0,19
1,156,310.2108588281619,21,0,0,0,21
1,157,239.17386998743274,23,0,0,0,23
1,158,11.941986449588736,32,0,0,0,32
1,159,0,31,0,0,0,31
1,160,0,29,0,0,0,29
1,161,0,21,0,0,0,21
1,162,378.29145062624474,18,0,0,0,18
1,163,378.3432003856349,19,0,0,0,19
1,164,309.47872986905224,25,0,0,0,25
1,165,84.47347472042294,34,0,0,0,34
1,166,0,35,0,0,0,35
1,167,0,32,0,0,0,32
1,168,0,23,0,0,0,23
1,169,362.25930152923974,21,0,0,0,21
1,170,333.5928207160499,21,0,0,0,21
1,171,204.20567810847695,26,0,0,0,26
1,172,0,32,0,0,0,32
1,173,0,31,0,0,0,31
1,174,0,26,0,0,0,26
1,175,259.5527473632956,28,0,0,0,28
1,176,62.20746333929999,31,0,0,0,31
1,177,0,29,0,0,0,29
1,178,0,27,0,0,0,27
1,179,0,23,0,0,0,23
1,180,310.9060244462677,23,0,0,0,23
1,181,190.5906560467301,27,0,0,0,27
1,182,0,31,0,0,0,31
1,183,0,27,0,0,0,27
1,184,0,23,0,0,0,23
1,185,317.13270034903087,25,0,0,0,25
1,186,188.71201957151771,29,0,0,0,29
1,187,0,35,0,0,0,35
1,188,0,29,0,0,0,29
1,189,0,25,0,0,0,25
1,190,281.66808052248837,27,0,0,0,27
1,191,175.36273290416796,27,0,0,0,27
1,192,0,30,0,0,0,30
1,193,0,27,0,0,0,27
1,194,0,23,0,0,0,23
1,195,294.4433998275363,25,0,0,0,25
1,196,147.73393368363548,29,0,0,0,29
1,197,0,33,0,0,0,33
1,198,0,30,0,0,0,30
1,199,0,26,0,0,0,26
1,200,328.2078588378126,25,0,0,0,25
1,201,301.0871763649939,25,0,0,0,25
1,202,157.69959848982188,31,0,0,0,31
1,203,0,35,0,0,0,35
1,204,0,33,0,0,0,33
1,205,0,26,0,0,0,26
1,206,294.4433998275363,26,0,0,0,26
1,207,214.83237618246164,26,0,0,0,26
1,208,0,32,0,0,0,32
1,209,0,29,0,0,0,29
1,210,0,28,0,0,0,28
1,211,190.03668484532596,32,0,0,0,32
1,212,0,35,0,0,0,35
1,213,0,29,0,0,0,29
1,214,0,25,0,0,0,25
1,215,256.0089338901877,27,0,0,0,27
1,216,86.82540498565541,32,0,0,0,32
1,217,0,29,0,0,0,29
1,218,0,27,0,0,0,27
1,219,0,24,0,0,0,24
1,220,341.3979499023985,23,0,0,0,23
1,221,282.70912694348675,24,0,0,0,24
1,222,124.16142461157206,30,0,0,0,30
1,223,0,34,0,0,0,34
1,224,0,29,0,0,0,29
1,225,0,24,0,0,0,24
1,226,270.61220208988897,25,0,0,0,25
1,227,71.24033022696774,30,0,0,0,30
1,228,0,29,0,0,0,29
1,229,0,27,0,0,0,27
1,230,0,24,0,0,0,24
1,231,394.0209122799105,20,0,0,0,20
1,232,396.94899473353337,22,0,0,0,22
1,233,312.823060688187,27,0,0,0,27
1,234,62.65148206784397,36,0,0,0,36
1,235,0,37,0,0,0,37
1,236,0,32,0,0,0,32
1,237,0,27,0,0,0,27
1,238,163.5008834073842,34,0,0,0,34
1,239,0,35,0,0,0,35
1,240,0,27,0,0,0,27
1,241,0,21,0,0,0,21
1,242,252.57720473327845,25,0,0,0,25
1,243,8.435471160075878,34,0,0,0,34
1,244,0,29,0,0,0,29
1,245,0,27,0,0,0,27
1,246,0,22,0,0,0,22
1,247,340.8239825400967,21,0,0,0,21
1,248,298.86302661042805,23,0,0,0,23
1,249,94.47788516929299,32,0,0,0,32
2,0,8500,45,56,18,16,134
2,1,7747.276433406076,60,64,19,16,158
2,2,7384.5528668121515,93,88,21,19,218
2,3,6445.004776776613,133,102,21,19,272
2,4,5299.941550859066,200,123,23,20,362
2,5,2211.535810957368,309,157,27,21,509
2,6,0,323,139,20,16,492
2,7,0,260,117,16,11,402
2,8,0,202,91,14,8,315
2,9,0,157,73,12,6,249
2,10,0,106,63,11,6,187
2,11,0,83,48,8,4,144
2,12,0,68,42,4,4,118
2,13,0,48,32,3,2,87
2,14,0,33,24,3,1,63
2,15,111.46866367462266,27,21,3,1,54
2,16,0,25,18,3,1,48
2,17,0,21,14,3,1,39
2,18,0,16,11,3,1,31
2,19,185.0,19,12,3,1,35
2,20,0,19,12,2,1,34
2,21,0,16,11,2,1,30
2,22,0,14,6,2,1,23
2,23,245.0,14,7,2,1,24
2,24,82.5,19,8,2,1,30
2,25,0,21,8,2,1,32
2,26,0,20,6,2,1,29
2,27,0,15,5,2,1,22
2,28,335.0,12,4,2,1,18
2,29,262.5,18,4,2,1,24
2,30,108.75,21,3,2,1,26
2,31,0,23,2,2,1,27
2,32,0,21,2,1,1,24
2,33,0,16,2,1,1,19
2,34,350.0,16,2,1,1,19
2,35,300.0,18,2,1,1,21
2,36,165.0,25,1,1,1,27
2,37,0,26,1,1,1,28
2,38,0,21,1,1,1,23
2,39,0,18,1,1,1,20
2,40,380.0,18,1,1,1,20
2,41,435.0,20,1,1,1,22
2,42,487.5,21,1,1,1,23
2,43,536.25,22,1,1,1,24
2,44,549.1070883344006,23,1,1,1,25
2,45,462.9841403660701,30,1,1,1,32
2,46,198.39113794364278,40,1,1,1,42
2,47,0,43,0,1,1,44
2,48,0,34,0,1,1,35
2,49,0,28,0,1,1,29
2,50,213.77425859020548,26,0,1,1,27
2,51,34.4356464755137,31,0,1,1,32
2,52,0,27,0,1,1,28
2,53,0,24,0,1,1,25
2,54,0,19,0,0,1,19
2,55,334.182839060137,17,0,0,1,17
2,56,305.45709765034246,19,0,0,1,19
2,57,173.7956438592796,25,0,0,1,25
2,58,0,28,0,0,1,28
2,59,0,24,0,0,0,24
2,60,0,20,0,0,0,20
2,61,245.2014169138344,23,0,0,0,23
2,62,83.00354228458599,29,0,0,0,29
2,63,0,29,0,0,0,29
2,64,0,26,0,0,0,26
2,65,0,16,0,0,0,16
2,66,363.36567812027397,16,0,0,0,16
2,67,393.4141953006849,18,0,0,0,18
2,68,393.07839060136985,21,0,0,0,21
2,69,301.7575226125342,25,0,0,0,25
2,70,73.55047921948625,32,0,0,0,32
2,71,0,31,0,0,0,31
2,72,0,28,0,0,0,28
2,73,0,21,0,0,0,21
2,74,302.95709765034246,23,0,0,0,23
2,75,257.39274412585615,24,0,0,0,24
2,76,128.6376333691952,28,0,0,0,28
2,77,0,28,0,0,0,28
2,78,0,25,0,0,0,25
2,79,0,20,0,0,0,20
2,80,272.13993671047945,21,0,0,0,21
2,81,149.9412613062671,25,0,0,0,25
2,82,0,27,0,0,0,27
2,83,0,22,0,0,0,22
2,84,0,17,0,0,0,17
2,85,362.54851718041095,16,0,0,0,16
2,86,375.55413201116437,18,0,0,0,18
2,87,333.8368128475,24,0,0,0,24
2,88,192.0501184941162,28,0,0,0,28
2,89,0,32,0,0,0,32
2,90,0,27,0,0,0,27
2,91,0,23,0,0,0,23
2,92,267.9292211025922,23,0,0,0,23
2,93,182.6552394982507,26,0,0,0,26
2,94,0,31,0,0,0,31
2,95,0,24,0,0,0,24
2,96,0,19,0,0,0,19
2,97,407.95709765034246,16,0,0,0,16
2,98,520.3013245957877,15,0,0,0,15
2,99,657.591923604161,16,0,0,0,16
2,100,802.710661176858,18,0,0,0,18
2,101,974.5716065960414,23,0,0,0,23
2,102,1137.2735064458816,27,0,0,0,27
2,103,1289.0187166185915,35,0,0,0,35
2,104,1394.185049058068,48,0,0,0,48
2,105,1350.6192880285528,62,0,0,0,62
2,106,1068.2820690732265,82,0,0,0,82
2,107,331.0638230705196,108,0,0,0,108
2,108,0,104,0,0,0,104
2,109,0,87,0,0,0,87
2,110,0,68,0,0,0,68
2,111,0,67,0,0,0,67
2,112,0,52,0,0,0,52
2,113,0,42,0,0,0,42
2,114,304.151664643853,35,0,0,0,35
2,115,165.10190682223373,38,0,0,0,38
2,116,0,38,0,0,0,38
2,117,0,30,0,0,0,30
2,118,0,27,0,0,0,27
2,119,267.5915289490964,24,0,0,0,24
2,120,187.4340187719506,27,0,0,0,27
2,121,0,30,0,0,0,30
2,122,0,26,0,0,0,26
2,123,0,22,0,0,0,22
2,124,346.18934716231416,20,0,0,0,20
2,125,313.015581267123,21,0,0,0,21
2,126,178.7984968358436,26,0,0,0,26
2,127,0,31,0,0,0,31
2,128,0,28,0,0,0,28
2,129,0,21,0,0,0,21
2,130,346.5589250907885,19,0,0,0,19
2,131,315.80465400761955,21,0,0,0,21
2,132,202.0089094424264,26,0,0,0,26
2,133,0,29,0,0,0,29
2,134,0,26,0,0,0,26
2,135,0,23,0,0,0,23
2,136,377.31287023280913,18,0,0,0,18
2,137,389.4715022479545,19,0,0,0,19
2,138,320.20639875290175,25,0,0,0,25
2,139,113.08650088100633,32,0,0,0,32
2,140,0,30,0,0,0,30
2,141,0,27,0,0,0,27
2,142,0,22,0,0,0,22
2,143,340.2310787489512,19,0,0,0,19
2,144,319.5908297165749,21,0,0,0,21
2,145,220.7586270659965,26,0,0,0,26
2,146,0,31,0,0,0,31
2,147,0,28,0,0,0,28
2,148,0,22,0,0,0,22
2,149,323.01512416413124,22,0,0,0,22
2,150,219.71908484338672,24,0,0,0,24
2,151,29.4195489274111,27,0,0,0,27
2,152,0,26,0,0,0,26
2,153,0,22,0,0,0,22
2,154,0,17,0,0,0,17
2,155,250.54176326927904,21,0,0,0,21
2,156,55.435963141905674,27,0,0,0,27
2,157,0,25,0,0,0,25
2,158,0,22,0,0,0,22
2,159,0,16,0,0,0,16
2,160,390.8237374683028,15,0,0,0,15
2,161,438.59403500877784,14,0,0,0,14
2,162,421.0833310505631,19,0,0,0,19
2,163,320.9964895164026,25,0,0,0,25
2,164,26.952116328580896,33,0,0,0,33
2,165,0,32,0,0,0,32
2,166,0,25,0,0,0,25
2,167,0,18,0,0,0,18
2,168,335.4581482706741,20,0,0,0,20
2,169,301.7349778782661,22,0,0,0,22
2,170,158.8742402936062,28,0,0,0,28
2,171,0,29,0,0,0,29
2,172,0,27,0,0,0,27
2,173,0,19,0,0,0,19
2,174,370.813625205533,20,0,0,0,20
2,175,371.6684738162039,22,0,0,0,22
2,176,317.5851575345816,25,0,0,0,25
2,177,144.1842011161001,29,0,0,0,29
2,178,0,30,0,0,0,30
2,179,0,27,0,0,0,27
2,180,0,19,0,0,0,19
2,181,315.4480360079043,20,0,0,0,20
2,182,177.88891162450335,26,0,0,0,26
2,183,0,31,0,0,0,31
2,184,0,27,0,0,0,27
2,185,0,23,0,0,0,23
2,186,368.6495012329105,19,0,0,0,19
2,187,308.7284507143964,23,0,0,0,23
2,188,105.9515725687452,31,0,0,0,31
2,189,0,31,0,0,0,31
2,190,0,27,0,0,0,27
2,191,0,19,0,0,0,19
2,192,329.57498446186884,21,0,0,0,21
2,193,250.11667555783384,23,0,0,0,23
2,194,13.546606696508345,30,0,0,0,30
2,195,0,27,0,0,0,27
2,196,0,23,0,0,0,23
2,197,0,17,0,0,0,17
2,198,294.8287156360722,21,0,0,0,21
2,199,200.16139629176138,23,0,0,0,23
2,200,0,29,0,0,0,29
2,201,0,25,0,0,0,25
2,202,0,19,0,0,0,19
2,203,315.4480360079043,22,0,0,0,22
2,204,233.25450082213206,24,0,0,0,24
2,205,91.50900164426415,25,0,0,0,25
2,206,0,27,0,0,0,27
2,207,0,24,0,0,0,24
2,208,0,18,0,0,0,18
2,209,352.35842880632345,18,0,0,0,18
2,210,380.8960720158086,18,0,0,0,18
2,211,331.4265548339887,22,0,0,0,22
2,212,164.94629706521079,28,0,0,0,28
2,213,0,32,0,0,0,32
2,214,0,29,0,0,0,29
2,215,0,22,0,0,0,22
2,216,316.24118688393906,21,0,0,0,21
2,217,198.32698521379984,25,0,0,0,25
2,218,0,31,0,0,0,31
2,219,0,25,0,0,0,25
2,220,0,21,0,0,0,21
2,221,279.7429625296362,21,0,0,0,21
2,222,143.99181712646177,26,0,0,0,26
2,223,0,29,0,0,0,29
2,224,0,25,0,0,0,25
2,225,0,18,0,0,0,18
2,226,316.1682775746254,18,0,0,0,18
2,227,216.59990833972526,23,0,0,0,23
2,228,0,27,0,0,0,27
2,229,0,28,0,0,0,28
2,230,0,23,0,0,0,23
2,231,261.67819985880067,23,0,0,0,23
2,232,98.82991044937302,28,0,0,0,28
2,233,0,30,0,0,0,30
2,234,0,26,0,0,0,26
2,235,0,20,0,0,0,20
2,236,334.77874388891786,19,0,0,0,19
2,237,300.0364669238755,22,0,0,0,22
2,238,174.97777736127765,25,0,0,0,25
2,239,0,28,0,0,0,28
2,240,0,25,0,0,0,25
2,241,0,20,0,0,0,20
2,242,352.35842880632345,19,0,0,0,19
2,243,325.5304828181799,22,0,0,0,22
2,244,229.92297463833586,26,0,0,0,26
2,245,31.14612317094119,30,0,0,0,30
2,246,0,30,0,0,0,30
2,247,0,25,0,0,0,25
2,248,0,20,0,0,0,20
2,249,333.9032324071139,21,0,0,0,21
3,0,8500,36,52,13,31,119
3,1,7749.733083817575,51,60,14,32,143
3,2,7374.733083817575,79,83,19,35,202
3,3,6443.194207910987,115,99,21,36,256
3,4,5279.439904155068,170,127,25,39,344
3,5,2170.198498621605,264,172,32,44,490
3,6,0,281,153,27,38,473
3,7,0,226,118,25,30,379
3,8,0,179,83,21,24,291
3,9,0,136,69,19,22,231
3,10,0,102,57,18,19,184
3,11,0,71,44,15,15,134
3,12,0,63,29,14,13,110
3,13,0,44,21,11,10,78
3,14,0,30,16,8,6,55
3,15,182.79361102023094,27,14,6,6,48
3,16,0,27,11,7,5,46
3,17,0,20,9,7,5,37
3,18,0,16,6,5,5,28
3,19,259.7577363027767,15,4,5,5,25
3,20,42.45486795959775,19,4,4,5,28
3,21,0,17,3,4,5,25
3,22,0,14,3,3,4,21
3,23,0,9,3,2,4,15
3,24,260.0246524852017,12,3,2,4,18
3,25,89.72356931282926,17,3,2,4,23
3,26,0,17,4,2,4,24
3,27,0,15,4,1,4,21
3,28,0,11,3,1,3,16
3,29,317.7224653024808,11,4,1,3,17
3,30,249.30616325620207,14,5,2,3,22
3,31,86.68171018678396,18,6,2,2,27
3,32,0,15,5,2,2,23
3,33,0,12,5,2,2,20
3,34,0,9,3,2,2,15
3,35,335.0,9,4,2,2,16
3,36,307.5,11,5,3,2,20
3,37,236.25,11,7,4,2,23
3,38,39.375,15,9,4,2,29
3,39,0,15,7,4,2,27
3,40,0,12,7,3,1,23
3,41,0,7,6,3,1,17
3,42,365.0,9,4,3,1,17
3,43,382.5,10,4,3,1,17
3,44,364.32081335559997,12,4,4,1,20
3,45,232.05203338899992,18,4,4,1,26
3,46,0,23,5,4,1,32
3,47,0,19,5,4,1,28
3,48,0,17,5,4,0,26
3,49,290.57081335559997,17,3,4,0,24
3,50,151.42703338899992,22,3,5,0,30
3,51,0,26,3,4,0,33
3,52,0,21,2,3,0,26
3,53,0,15,1,3,0,19
3,54,335.57081335559997,14,1,4,0,19
3,55,293.304111748068,17,0,5,0,22
3,56,169.90405933677008,21,0,5,0,26
3,57,0,23,0,4,0,27
3,58,0,22,0,4,0,26
3,59,0,19,0,4,0,23
3,60,336.27914646107035,18,0,3,0,21
3,61,280.6978661526759,23,0,3,0,26
3,62,140.29732440955755,26,0,3,0,29
3,63,0,29,0,2,0,31
3,64,0,27,0,1,0,28
3,65,0,21,0,1,0,22
3,66,293.5421920750733,22,0,1,0,23
3,67,192.959241878791,25,0,1,0,26
3,68,12.793149689838135,29,0,1,0,30
3,69,0,25,0,1,0,26
3,70,0,24,0,1,0,25
3,71,0,17,0,0,0,17
3,72,370.52042790204854,18,0,0,0,18
3,73,411.01625996809366,16,0,0,0,16
3,74,429.02305368116436,20,0,0,0,20
3,75,370.98285879721897,25,0,0,0,25
3,76,211.60913540374648,31,0,0,0,31
3,77,0,36,0,0,0,36
3,78,0,32,0,0,0,32
3,79,0,29,0,0,0,29
3,80,267.929710457766,29,0,0,0,29
3,81,83.07241469289534,34,0,0,0,34
3,82,0,34,0,0,0,34
3,83,0,32,0,0,0,32
3,84,0,26,0,0,0,26
3,85,427.12499931641116,22,0,0,0,22
3,86,523.5208313964984,21,0,0,0,21
3,87,667.4062464111587,23,0,0,0,23
3,88,838.9427020386196,25,0,0,0,25
3,89,1067.6640516907523,25,0,0,0,25
3,90,1336.454409274422,27,0,0,0,27
3,91,1693.081304380026,29,0,0,0,29
3,92,2110.1466463548436,39,0,0,0,39
3,93,2587.0964364189676,47,0,0,0,47
3,94,3180.913482014708,64,0,0,0,64
3,95,3816.497075349352,82,0,0,0,82
3,96,4494.981385480179,105,0,0,0,105
3,97,5161.873772201804,137,0,0,0,137
3,98,5673.531194827173,174,0,0,0,174
3,99,5880.18059034583,226,0,0,0,226
3,100,5391.450967058353,293,0,0,0,293
3,101,3639.9863845335035,379,0,0,0,379
3,102,0,487,0,0,0,487
3,103,0,460,0,0,0,460
3,104,0,425,0,0,0,425
3,105,0,336,0,0,0,336
3,106,0,274,0,0,0,274
3,107,0,242,0,0,0,242
3,108,0,222,0,0,0,222
3,109,0,178,0,0,0,178
3,110,0,133,0,0,0,133
3,111,77.39083816904301,106,0,0,0,106
3,112,0,80,0,0,0,80
3,113,0,63,0,0,0,63
3,114,0,50,0,0,0,50
3,115,267.5722385427532,45,0,0,0,45
3,116,104.34076834127416,45,0,0,0,45
3,117,0,42,0,0,0,42
3,118,0,38,0,0,0,38
3,119,0,30,0,0,0,30
3,120,270.0555447338145,26,0,0,0,26
3,121,130.78230583096365,29,0,0,0,29
3,122,0,32,0,0,0,32
3,123,0,29,0,0,0,29
3,124,0,22,0,0,0,22
3,125,377.66813651558584,21,0,0,0,21
3,126,395.55158981169564,23,0,0,0,23
3,127,363.6636577487153,25,0,0,0,25
3,128,240.8317596542447,29,0,0,0,29
3,129,12.227356508966235,34,0,0,0,34
3,130,0,33,0,0,0,33
3,131,0,30,0,0,0,30
3,132,0,21,0,0,0,21
3,133,302.66813651558584,24,0,0,0,24
3,134,193.69503380812307,27,0,0,0,27
3,135,0,30,0,0,0,30
3,136,0,29,0,0,0,29
3,137,0,27,0,0,0,27
3,138,258.3115805120132,27,0,0,0,27
3,139,127.16019980276417,32,0,0,0,32
3,140,0,33,0,0,0,33
3,141,0,28,0,0,0,28
3,142,0,25,0,0,0,25
3,143,365.6434439964274,22,0,0,0,22
3,144,338.99229684412177,25,0,0,0,25
3,145,269.65902011209073,28,0,0,0,28
3,146,61.945993006899016,31,0,0,0,31
3,147,0,32,0,0,0,32
3,148,0,29,0,0,0,29
3,149,0,23,0,0,0,23
3,150,337.5737759857095,26,0,0,0,26
3,151,269.5778839607012,28,0,0,0,28
3,152,167.58404592318868,31,0,0,0,31
3,153,0,32,0,0,0,32
3,154,0,28,0,0,0,28
3,155,0,22,0,0,0,22
3,156,279.9103048220868,22,0,0,0,22
3,157,97.34953804092662,28,0,0,0,28
3,158,0,32,0,0,0,32
3,159,0,28,0,0,0,28
3,160,0,21,0,0,0,21
3,161,355.5229186400228,18,0,0,0,18
3,162,318.043327247225,23,0,0,0,23
3,163,185.42467533501247,28,0,0,0,28
3,164,0,32,0,0,0,32
3,165,0,31,0,0,0,31
3,166,0,26,0,0,0,26
3,167,322.46139915554835,27,0,0,0,27
3,168,242.98687311531236,30,0,0,0,30
3,169,50.591447015843585,32,0,0,0,32
3,170,0,31,0,0,0,31
3,171,0,28,0,0,0,28
3,172,0,23,0,0,0,23
3,173,310.51405490070977,25,0,0,0,25
3,174,232.5720252446292,27,0,0,0,27
3,175,71.30242475693598,32,0,0,0,32
3,176,0,31,0,0,0,31
3,177,0,28,0,0,0,28
3,178,0,22,0,0,0,22
3,179,411.93033198928214,19,0,0,0,19
3,180,514.182385976778,19,0,0,0,19
3,181,638.2039109544494,20,0,0,0,20
3,182,794.8796424173838,21,0,0,0,21
3,183,956.1801276046398,24,0,0,0,24
3,184,1168.7742993819509,27,0,0,0,27
3,185,1398.3090010443448,34,0,0,0,34
3,186,1624.5413855272177,40,0,0,0,40
3,187,1845.1768502443815,52,0,0,0,52
3,188,1999.3472673022643,67,0,0,0,67
3,189,2008.8201128712249,84,0,0,0,84
3,190,1770.526743824984,111,0,0,0,111
3,191,1013.7960610319271,140,0,0,0,140
3,192,0,169,0,0,0,169
3,193,0,162,0,0,0,162
3,194,0,142,0,0,0,142
3,195,0,127,0,0,0,127
3,196,0,109,0,0,0,109
3,197,0,94,0,0,0,94
3,198,0,92,0,0,0,92
3,199,0,80,0,0,0,80
3,200,0,63,0,0,0,63
3,201,218.43587317539738,56,0,0,0,56
3,202,0,47,0,0,0,47
3,203,0,38,0,0,0,38
3,204,0,32,0,0,0,32
3,205,218.8837449624197,38,0,0,0,38
3,206,2.2093624060493013,39,0,0,0,39
3,207,0,35,0,0,0,35
3,208,0,31,0,0,0,31
3,209,0,24,0,0,0,24
3,210,381.09131578344966,21,0,0,0,21
3,211,424.6050282951554,21,0,0,0,21
3,212,458.8179276636211,23,0,0,0,23
3,213,452.23571034949924,26,0,0,0,26
3,214,351.9481589756508,31,0,0,0,31
3,215,158.61526554805758,36,0,0,0,36
3,216,0,41,0,0,0,41
3,217,0,37,0,0,0,37
3,218,0,31,0,0,0,31
3,219,264.6646858217754,29,0,0,0,29
3,220,88.11670419119054,35,0,0,0,35
3,221,0,33,0,0,0,33
3,222,0,29,0,0,0,29
3,223,0,24,0,0,0,24
3,224,369.54923084534033,19,0,0,0,19
3,225,365.14491751197835,22,0,0,0,22
3,226,330.0009609458012,25,0,0,0,25
3,227,204.83623069090407,30,0,0,0,30
3,228,2.380039638501728,34,0,0,0,34
3,229,0,33,0,0,0,33
3,230,0,27,0,0,0,27
3,231,0,21,0,0,0,21
3,232,327.73900144984196,23,0,0,0,23
3,233,304.2714112670239,24,0,0,0,24
3,234,238.62457486246313,26,0,0,0,26
3,235,54.622580757086965,29,0,0,0,29
3,236,0,30,0,0,0,30
3,237,0,26,0,0,0,26
3,238,0,22,0,0,0,22
3,239,370.24806202744514,21,0,0,0,21
3,240,412.3223990033469,21,0,0,0,21
3,241,431.7132686629407,24,0,0,0,24
3,242,403.06164492879805,28,0,0,0,28
3,243,287.13585125219174,31,0,0,0,31
3,244,69.15377596042683,35,0,0,0,35
3,245,0,36,0,0,0,36
3,246,0,36,0,0,0,36
3,247,0,26,0,0,0,26
3,248,283.3458183813606,28,0,0,0,28
3,249,136.17892177448724,30,0,0,0,30
4,0,8500,28,43,18,42,108
4,1,7746.830070000264,40,52,20,43,131
4,2,7383.3941564353945,65,70,27,53,184
4,3,6441.21357004155,99,86,30,54,237
4,4,5286.414917143376,147,113,36,63,319
4,5,2183.801450232755,230,157,48,74,459
4,6,0,247,146,45,56,456
4,7,0,198,113,34,41,358
4,8,0,152,85,28,32,277
4,9,0,109,72,23,30,214
4,10,0,80,60,20,25,170
4,11,0,64,42,13,17,127
4,12,0,50,30,12,15,99
4,13,0,39,24,10,12,78
4,14,0,31,18,8,9,62
4,15,63.67281628693081,26,18,5,9,54
4,16,0,18,15,3,8,41
4,17,0,13,11,2,7,30
4,18,0,11,8,2,4,24
4,19,213.6728162869308,11,8,3,5,25
4,20,0,16,9,4,4,32
4,21,0,13,8,2,4,26
4,22,0,11,6,2,1,22
4,23,260.0,11,6,3,1,23
4,24,105.0,15,5,5,1,28
4,25,0,14,6,5,1,27
4,26,0,13,5,4,0,23
4,27,0,11,3,2,0,17
4,28,365.0,11,2,2,0,16
4,29,337.5,14,2,2,0,19
4,30,281.25,18,1,2,0,22
4,31,91.875,24,1,2,0,28
4,32,0,24,1,2,0,28
4,33,0,21,1,1,0,23
4,34,0,16,1,1,0,18
4,35,395.0,13,1,1,0,15
4,36,457.5,15,1,1,0,17
4,37,506.25,18,1,1,0,20
4,38,549.375,20,1,0,0,21
4,39,509.0625,26,1,0,0,27
4,40,358.59375,33,1,0,0,34
4,41,27.890625,43,1,0,0,44
4,42,0,39,1,0,0,40
4,43,0,33,1,0,0,34
4,44,0,26,1,0,0,27
4,45,290.0,26,0,0,0,26
4,46,225.0,25,0,0,0,25
4,47,37.5,28,0,0,0,28
4,48,0,29,0,0,0,29
4,49,0,25,0,0,0,25
4,50,0,21,0,0,0,21
4,51,351.7985821944309,19,0,0,0,19
4,52,364.49645548607725,20,0,0,0,20
4,53,353.5432654235468,21,0,0,0,21
4,54,277.11348032975104,25,0,0,0,25
4,55,104.26738488348832,30,0,0,0,30
4,56,0,28,0,0,0,28
4,57,0,23,0,0,0,23
4,58,0,19,0,0,0,19
4,59,348.23892141510487,21,0,0,0,21
4,60,340.5973035377622,21,0,0,0,21
4,61,267.373798136853,26,0,0,0,26
4,62,112.53854003548922,27,0,0,0,27
4,63,0,27,0,0,0,27
4,64,0,25,0,0,0,25
4,65,0,22,0,0,0,22
4,66,335.0,22,0,0,0,22
4,67,230.73892141510487,25,0,0,0,25
4,68,63.45254323081477,31,0,0,0,31
4,69,0,29,0,0,0,29
4,70,0,24,0,0,0,24
4,71,0,16,0,0,0,16
4,72,365.0,14,0,0,0,14
4,73,397.5,17,0,0,0,17
4,74,371.25,21,0,0,0,21
4,75,286.875,24,0,0,0,24
4,76,100.3125,31,0,0,0,31
4,77,0,31,0,0,0,31
4,78,0,27,0,0,0,27
4,79,0,22,0,0,0,22
4,80,290.0,20,0,0,0,20
4,81,180.0,26,0,0,0,26
4,82,0,29,0,0,0,29
4,83,0,22,0,0,0,22
4,84,0,18,0,0,0,18
4,85,350.0,20,0,0,0,20
4,86,345.0,22,0,0,0,22
4,87,322.5,24,0,0,0,24
4,88,213.75,29,0,0,0,29
4,89,0,33,0,0,0,33
4,90,0,25,0,0,0,25
4,91,0,22,0,0,0,22
4,92,380.0,21,0,0,0,21
4,93,420.0,23,0,0,0,23
4,94,450.0,23,0,0,0,23
4,95,405.0,26,0,0,0,26
4,96,322.5,30,0,0,0,30
4,97,63.75,37,0,0,0,37
4,98,0,32,0,0,0,32
4,99,0,29,0,0,0,29
4,100,0,24,0,0,0,24
4,101,230.0,26,0,0,0,26
4,102,75.0,29,0,0,0,29
4,103,0,30,0,0,0,30
4,104,0,24,0,0,0,24
4,105,0,19,0,0,0,19
4,106,290.0,20,0,0,0,20
4,107,225.0,23,0,0,0,23
4,108,37.5,26,0,0,0,26
4,109,0,25,0,0,0,25
4,110,0,23,0,0,0,23
4,111,0,20,0,0,0,20
4,112,350.0,20,0,0,0,20
4,113,330.0,23,0,0,0,23
4,114,270.0,27,0,0,0,27
4,115,135.0,27,0,0,0,27
4,116,0,29,0,0,0,29
4,117,0,28,0,0,0,28
4,118,0,24,0,0,0,24
4,119,410.0,19,0,0,0,19
4,120,450.0,18,0,0,0,18
4,121,480.0,21,0,0,0,21
4,122,450.0,23,0,0,0,23
4,123,359.5599297961056,30,0,0,0,30
4,124,88.89982449026397,37,0,0,0,37
4,125,0,34,0,0,0,34
4,126,0,31,0,0,0,31
4,127,0,24,0,0,0,24
4,128,365.0,22,0,0,0,22
4,129,397.5,20,0,0,0,20
4,130,371.25,23,0,0,0,23
4,131,271.875,25,0,0,0,25
4,132,62.8125,33,0,0,0,33
4,133,0,32,0,0,0,32
4,134,0,28,0,0,0,28
4,135,0,22,0,0,0,22
4,136,380.0,18,0,0,0,18
4,137,420.0,20,0,0,0,20
4,138,390.0,22,0,0,0,22
4,139,330.6693351567711,26,0,0,0,26
4,140,166.6733378919278,32,0,0,0,32
4,141,0,32,0,0,0,32
4,142,0,31,0,0,0,31
4,143,0,27,0,0,0,27
4,144,230.66933515677113,28,0,0,0,28
4,145,46.673337891927815,32,0,0,0,32
4,146,0,30,0,0,0,30
4,147,0,25,0,0,0,25
4,148,0,20,0,0,0,20
4,149,305.0,23,0,0,0,23
4,150,232.5,26,0,0,0,26
4,151,48.75,29,0,0,0,29
4,152,0,28,0,0,0,28
4,153,0,23,0,0,0,23
4,154,0,22,0,0,0,22
4,155,335.0,21,0,0,0,21
4,156,322.5,24,0,0,0,24
4,157,228.75,25,0,0,0,25
4,158,58.125,31,0,0,0,31
4,159,0,29,0,0,0,29
4,160,0,24,0,0,0,24
4,161,0,21,0,0,0,21
4,162,365.0,17,0,0,0,17
4,163,383.3762379956372,20,0,0,0,20
4,164,365.94059498909303,18,0,0,0,18
4,165,294.7871304792768,24,0,0,0,24
4,166,112.18069571891522,29,0,0,0,29
4,167,0,27,0,0,0,27
4,168,0,26,0,0,0,26
4,169,0,25,0,0,0,25
4,170,260.0,28,0,0,0,28
4,171,89.92586869968545,32,0,0,0,32
4,172,0,32,0,0,0,32
4,173,0,28,0,0,0,28
4,174,0,21,0,0,0,21
4,175,409.92586869968545,19,0,0,0,19
4,176,539.8888030495282,16,0,0,0,16
4,177,704.8332045742923,16,0,0,0,16
4,178,892.1756755611239,18,0,0,0,18
4,179,1129.0945362460857,20,0,0,0,20
4,180,1439.4728272735285,24,0,0,0,24
4,181,1842.800515329804,29,0,0,0,29
4,182,2357.717916113903,34,0,0,0,34
4,183,3022.854268805162,44,0,0,0,44
4,184,3870.4105352414217,54,0,0,0,54
4,185,4990.410340615636,69,0,0,0,69
4,186,6442.3653564832675,88,0,0,0,88
4,187,8333.756478149819,108,0,0,0,108
4,188,8367.746301039084,141,0,0,0,141
4,189,7872.633841523729,172,0,0,0,172
4,190,7397.002727991777,225,0,0,0,225
4,191,6607.625296633674,273,0,0,0,273
4,192,5787.769923733693,358,0,0,0,358
4,193,3272.452776279681,441,0,0,0,441
4,194,0,519,0,0,0,519
4,195,0,463,0,0,0,463
4,196,0,436,0,0,0,436
4,197,0,400,0,0,0,400
4,198,0,308,0,0,0,308
4,199,0,233,0,0,0,233
4,200,0,188,0,0,0,188
4,201,0,143,0,0,0,143
4,202,0,106,0,0,0,106
4,203,92.81892247717165,90,0,0,0,90
4,204,0,72,0,0,0,72
4,205,0,52,0,0,0,52
4,206,0,41,0,0,0,41
4,207,302.47821665827604,37,0,0,0,37
4,208,271.19554164569007,35,0,0,0,35
4,209,164.06107085749844,37,0,0,0,37
4,210,3.495691644209314,36,0,0,0,36
4,211,0,28,0,0,0,28
4,212,0,24,0,0,0,24
4,213,0,18,0,0,0,18
4,214,366.9478746079524,18,0,0,0,18
4,215,357.2955552195664,19,0,0,0,19
4,216,297.7429448366729,24,0,0,0,24
4,217,133.47622493101642,28,0,0,0,28
4,218,0,27,0,0,0,27
4,219,0,25,0,0,0,25
4,220,0,23,0,0,0,23
4,221,334.76567046742554,24,0,0,0,24
4,222,352.05050313756215,24,0,0,0,24
4,223,317.82948954213794,25,0,0,0,25
4,224,206.3497065483726,30,0,0,0,30
4,225,54.35242595866829,27,0,0,0,27
4,226,0,28,0,0,0,28
4,227,0,25,0,0,0,25
4,228,0,23,0,0,0,23
4,229,319.91393306805463,23,0,0,0,23
4,230,269.6365700695075,26,0,0,0,26
4,231,119.28272124037059,30,0,0,0,30
4,232,0,31,0,0,0,31
4,233,0,25,0,0,0,25
4,234,0,21,0,0,0,21
4,235,289.76567046742554,23,0,0,0,23
4,236,194.34004486824932,26,0,0,0,26
4,237,6.881037071473655,29,0,0,0,29
4,238,0,26,0,0,0,26
4,239,0,24,0,0,0,24
4,240,0,21,0,0,0,21
4,241,362.85728632056794,20,0,0,0,20
4,242,392.0690845011053,22,0,0,0,22
4,243,401.6864074713343,24,0,0,0,24
4,244,340.88999802573414,24,0,0,0,24
4,245,249.695383857334,27,0,0,0,27
4,246,0,33,0,0,0,33
4,247,0,29,0,0,0,29
4,248,0,25,0,0,0,25
4,249,270.70561576076864,27,0,0,0,27
5,0,8500,30,46,16,45,105
5,1,7750.76945369297,42,56,16,47,127
5,2,7390.191940374334,67,78,23,55,181
5,3,6464.4225271502555,99,96,26,56,234
5,4,5352.145902012144,151,125,29,63,318
5,5,2321.156953048282,236,173,40,69,462
5,6,0,252,164,35,57,459
5,7,0,213,126,24,41,370
5,8,0,164,97,17,35,285
5,9,0,126,82,13,32,228
5,10,0,94,66,10,30,177
5,11,0,65,55,9,22,135
5,12,0,55,39,8,15,108
5,13,0,37,27,8,14,76
5,14,0,31,22,6,7,61
5,15,32.229160499660566,26,20,6,8,54
5,16,0,20,18,4,7,44
5,17,0,17,13,3,5,35
5,18,0,12,9,3,4,26
5,19,269.19963703860856,17,8,3,4,30
5,20,95.22825309618193,20,5,3,4,30
5,21,0,17,5,3,4,27
5,22,0,16,4,3,4,25
5,23,0,15,1,3,3,21
5,24,315.5850567887783,14,1,3,3,20
5,25,257.57722222177597,16,1,3,2,22
5,26,104.50642344916844,19,2,3,2,27
5,27,0,21,2,2,2,28
5,28,0,19,1,2,2,24
5,29,0,14,1,2,1,19
5,30,340.911429616844,13,0,2,1,17
5,31,352.27857404210994,17,0,3,0,22
5,32,321.29976721895684,19,0,3,0,24
5,33,241.80203352317523,19,0,3,0,25
5,34,17.407815674242563,24,0,4,0,31
5,35,0,21,0,4,0,27
5,36,0,18,0,3,0,23
5,37,0,10,0,3,0,14
5,38,419.56418094660546,9,0,3,0,13
5,39,497.8514054444096,12,0,3,0,16
5,40,582.8759465987733,14,0,2,0,17
5,41,674.353711408215,17,0,2,0,20
5,42,721.4227413171172,22,0,2,0,25
5,43,681.6697704892798,29,0,2,0,32
5,44,468.1960459196223,40,0,2,0,43
5,45,0,53,0,2,0,56
5,46,0,51,0,2,0,54
5,47,0,41,0,2,0,43
5,48,69.44170407279739,43,0,2,0,45
5,49,0,41,0,2,0,43
5,50,0,36,0,1,0,37
5,51,0,28,0,1,0,29
5,52,359.4165636413454,25,0,1,0,26
5,53,362.48236218125953,24,0,1,0,25
5,54,316.64524093773616,26,0,1,0,27
5,55,190.14823735953348,26,0,1,0,27
5,56,0,32,0,0,0,32
5,57,0,28,0,0,0,28
5,58,0,24,0,0,0,24
5,59,359.4165636413454,20,0,0,0,20
5,60,330.076066588917,23,0,0,0,23
5,61,213.94722716606626,28,0,0,0,28
5,62,0,32,0,0,0,32
5,63,0,30,0,0,0,30
5,64,0,21,0,0,0,21
5,65,337.7342888505319,19,0,0,0,19
5,66,293.8999030729353,23,0,0,0,23
5,67,152.37747923257058,27,0,0,0,27
5,68,0,30,0,0,0,30
5,69,0,28,0,0,0,28
5,70,0,21,0,0,0,21
5,71,337.7342888505319,19,0,0,0,19
5,72,326.3061986652778,22,0,0,0,22
5,73,277.1522453346479,24,0,0,0,24
5,74,77.2146511113387,30,0,0,0,30
5,75,0,28,0,0,0,28
5,76,0,24,0,0,0,24
5,77,0,17,0,0,0,17
5,78,377.84056464199125,16,0,0,0,16
5,79,390.5128412218221,18,0,0,0,18
5,80,341.73169785222666,22,0,0,0,22
5,81,232.50093587572943,26,0,0,0,26
5,82,0,33,0,0,0,33
5,83,0,29,0,0,0,29
5,84,0,25,0,0,0,25
5,85,328.08052986370154,24,0,0,0,24
5,86,270.15998314545317,26,0,0,0,26
5,87,129.1905926849244,29,0,0,0,29
5,88,0,32,0,0,0,32
5,89,0,27,0,0,0,27
5,90,0,22,0,0,0,22
5,91,332.12775873305685,21,0,0,0,21
5,92,280.2780553188414,22,0,0,0,22
5,93,143.06728921388407,27,0,0,0,27
5,94,0,31,0,0,0,31
5,95,0,27,0,0,0,27
5,96,0,19,0,0,0,19
5,97,281.8051104837451,20,0,0,0,20
5,98,154.47143469556204,26,0,0,0,26
5,99,0,27,0,0,0,27
5,100,0,22,0,0,0,22
5,101,0,20,0,0,0,20
5,102,371.95272778900517,19,0,0,0,19
5,103,393.8227725504089,19,0,0,0,19
5,104,330.5923855342684,24,0,0,0,24
5,105,185.70546349625678,28,0,0,0,28
5,106,0,33,0,0,0,33
5,107,0,31,0,0,0,31
5,108,0,25,0,0,0,25
5,109,303.88186281415244,24,0,0,0,24
5,110,179.98403641827758,28,0,0,0,28
5,111,0,31,0,0,0,31
5,112,0,29,0,0,0,29
5,113,0,21,0,0,0,21
5,114,339.94090973625646,20,0,0,0,20
5,115,315.4740008223244,21,0,0,0,21
5,116,168.75588870148343,27,0,0,0,27
5,117,0,29,0,0,0,29
5,118,0,27,0,0,0,27
5,119,0,23,0,0,0,23
5,120,263.6157524428496,25,0,0,0,25
5,121,142.69063104985923,30,0,0,0,30
5,122,0,32,0,0,0,32
5,123,0,27,0,0,0,27
5,124,0,20,0,0,0,20
5,125,373.79333577263594,19,0,0,0,19
5,126,388.4892267871444,20,0,0,0,20
5,127,356.4444929257511,23,0,0,0,23
5,128,200.200251367349,31,0,0,0,31
5,129,0,36,0,0,0,36
5,130,0,33,0,0,0,33
5,131,0,25,0,0,0,25
5,132,373.79333577263594,21,0,0,0,21
5,133,412.6015222464931,20,0,0,0,20
5,134,434.754755035175,21,0,0,0,21
5,135,377.8369869129376,26,0,0,0,26
5,136,144.37185331712072,34,0,0,0,34
5,137,0,37,0,0,0,37
5,138,0,34,0,0,0,34
5,139,0,26,0,0,0,26
5,140,294.07625005774764,28,0,0,0,28
5,141,119.30889692996749,33,0,0,0,33
5,142,0,32,0,0,0,32
5,143,0,27,0,0,0,27
5,144,0,20,0,0,0,20
5,145,174.34244827105113,27,0,0,0,27
5,146,0,28,0,0,0,28
5,147,0,23,0,0,0,23
5,148,0,18,0,0,0,18
5,149,311.9811787281519,20,0,0,0,20
5,150,160.19992566869496,25,0,0,0,25
5,151,0,29,0,0,0,29
5,152,0,25,0,0,0,25
5,153,0,20,0,0,0,20
5,154,304.2575920668239,22,0,0,0,22
5,155,246.46675043005243,23,0,0,0,23
5,156,4.1203429408732575,30,0,0,0,30
5,157,0,28,0,0,0,28
5,158,0,23,0,0,0,23
5,159,0,15,0,0,0,15
5,160,351.8925193743006,15,0,0,0,15
5,161,285.73138740644674,20,0,0,0,20
5,162,132.42011828474844,24,0,0,0,24
5,163,0,28,0,0,0,28
5,164,0,26,0,0,0,26
5,165,0,21,0,0,0,21
5,166,236.0297903731378,23,0,0,0,23
5,167,0,30,0,0,0,30
5,168,0,25,0,0,0,25
5,169,0,21,0,0,0,21
5,170,279.79342474333123,24,0,0,0,24
5,171,145.39499147517185,26,0,0,0,26
5,172,0,31,0,0,0,31
5,173,0,26,0,0,0,26
5,174,0,20,0,0,0,20
5,175,319.7047653894799,20,0,0,0,20
5,176,227.1438196294917,25,0,0,0,25
5,177,0,32,0,0,0,32
5,178,0,27,0,0,0,27
5,179,0,23,0,0,0,23
5,180,283.6457184673759,24,0,0,0,24
5,181,118.59795901275191,29,0,0,0,29
5,182,0,30,0,0,0,30
5,183,0,26,0,0,0,26
5,184,0,22,0,0,0,22
5,185,228.81970838336468,26,0,0,0,26
5,186,0,31,0,0,0,31
5,187,0,27,0,0,0,27
5,188,0,20,0,0,0,20
5,189,191.0290271113587,27,0,0,0,27
5,190,0,32,0,0,0,32
5,191,0,27,0,0,0,27
5,192,0,21,0,0,0,21
5,193,301.6752419284279,25,0,0,0,25
5,194,200.09953443791363,28,0,0,0,28
5,195,0,34,0,0,0,34
5,196,0,28,0,0,0,28
5,197,0,25,0,0,0,25
5,198,247.58667154527186,27,0,0,0,27
5,199,0,33,0,0,0,33
5,200,0,29,0,0,0,29
5,201,0,26,0,0,0,26
5,202,283.6457184673759,25,0,0,0,25
5,203,100.93715540212744,31,0,0,0,31
5,204,0,32,0,0,0,32
5,205,0,29,0,0,0,29
5,206,0,22,0,0,0,22
5,207,409.85238269473996,17,0,0,0,17
5,208,416.4538159705379,20,0,0,0,20
5,209,372.2673955010787,25,0,0,0,25
5,210,179.7811005695257,33,0,0,0,33
5,211,0,40,0,0,0,40
5,212,0,35,0,0,0,35
5,213,0,29,0,0,0,29
5,214,247.96539119800286,30,0,0,0,30
5,215,64.86887018336148,34,0,0,0,34
5,216,0,31,0,0,0,31
5,217,0,26,0,0,0,26
5,218,0,18,0,0,0,18
5,219,427.88190615579197,15,0,0,0,15
5,220,515.6161950063239,15,0,0,0,15
5,221,575.0995344379138,19,0,0,0,19
5,222,574.1769262800385,26,0,0,0,26
5,223,428.5568263548096,36,0,0,0,36
5,224,47.86096531749775,51,0,0,0,51
5,225,0,51,0,0,0,51
5,226,0,50,0,0,0,50
5,227,0,38,0,0,0,38
5,228,193.49810116211574,37,0,0,0,37
5,229,0,37,0,0,0,37
5,230,0,28,0,0,0,28
5,231,0,23,0,0,0,23
5,232,337.7342888505319,23,0,0,0,23
5,233,272.2176282821218,25,0,0,0,25
5,234,29.706449741090168,34,0,0,0,34
5,235,0,32,0,0,0,32
5,236,0,28,0,0,0,28
5,237,0,21,0,0,0,21
5,238,265.6161950063239,24,0,0,0,24
5,239,55.863346749497346,32,0,0,0,32
5,240,0,27,0,0,0,27
5,241,0,24,0,0,0,24
5,242,0,17,0,0,0,17
5,243,355.76381231158393,17,0,0,0,17
5,244,281.2323900126478,23,0,0,0,23
5,245,40.936875061198535,32,0,0,0,32
5,246,0,32,0,0,0,32
5,247,0,29,0,0,0,29
5,248,0,20,0,0,0,20
5,249,407.5606654190593,17,0,0,0,17
6,0,8500,37,43,17,35,115
6,1,7750.768867455794,51,52,19,35,140
6,2,7375.768867455794,80,72,23,43,194
6,3,6445.685818465426,116,86,26,45,247
6,4,5287.4114888604545,171,112,30,48,335
6,5,2179.038510309969,265,147,42,56,476
6,6,0,276,139,36,42,466
6,7,0,235,114,28,30,389
6,8,0,183,90,21,20,306
6,9,0,138,73,18,18,241
6,10,0,98,58,16,18,184
6,11,0,70,43,12,12,134
6,12,0,52,36,10,7,107
6,13,0,40,24,5,5,75
6,14,0,30,20,4,4,60
6,15,65.84677533858597,32,17,1,3,56
6,16,0,24,16,1,3,46
6,17,0,19,11,1,2,35
6,18,0,15,10,1,2,28
6,19,259.62087338524367,16,11,1,2,30
6,20,153.78686977302607,17,9,1,2,29
6,21,0,19,8,1,2,30
6,22,0,15,8,1,2,26
6,23,0,14,5,1,2,22
6,24,259.62087338524367,15,4,1,2,22
6,25,132.38380425948947,20,4,1,2,27
6,26,0,21,4,1,2,28
6,27,0,15,3,1,2,21
6,28,0,10,3,1,2,15
6,29,363.33162079638026,9,2,1,2,13
6,30,363.32905199095063,12,2,1,2,16
6,31,286.6568195791865,18,2,1,3,22
6,32,63.31171255430081,24,3,1,3,29
6,33,0,23,3,1,2,27
6,34,0,19,2,1,2,22
6,35,0,13,1,1,2,15
6,36,391.6632415927605,13,1,1,1,15
6,37,479.15810398190115,12,1,1,1,14
6,38,547.0636391583726,15,1,0,1,16
6,39,553.9168043122203,20,1,0,1,21
6,40,485.8597936357522,29,1,0,1,30
6,41,242.10076080657126,38,1,0,1,39
6,42,0,42,1,0,1,43
6,43,0,38,1,0,0,39
6,44,0,30,1,0,0,31
6,45,234.85644633382566,31,1,0,0,32
6,46,12.198071089179763,37,1,0,0,38
6,47,0,29,1,0,0,30
6,48,0,24,1,0,0,25
6,49,0,18,1,0,0,19
6,50,346.72019684737614,15,1,0,0,16
6,51,301.85230976219674,21,1,0,0,22
6,52,156.21372072718822,26,1,0,0,27
6,53,0,28,1,0,0,29
6,54,0,23,1,0,0,24
6,55,0,21,1,0,0,22
6,56,328.52419150501834,20,1,0,0,21
6,57,272.9737203553064,23,1,0,0,24
6,58,142.97963442711875,27,1,0,0,28
6,59,0,29,0,0,0,29
6,60,0,27,0,0,0,27
6,61,0,22,0,0,0,22
6,62,343.32648318552106,20,0,0,0,20
6,63,308.31107035294343,24,0,0,0,24
6,64,192.4511926968375,29,0,0,0,29
6,65,1.9929970090587865,32,0,0,0,32
6,66,0,29,0,0,0,29
6,67,0,25,0,0,0,25
6,68,0,17,0,0,0,17
6,69,376.6632415927605,15,0,0,0,15
6,70,409.9897247782815,17,0,0,0,17
6,71,428.3110703529433,19,0,0,0,19
6,72,377.4563303076964,24,0,0,0,24
6,73,189.6320440449797,32,0,0,0,32
6,74,0,36,0,0,0,36
6,75,0,32,0,0,0,32
6,76,0,26,0,0,0,26
6,77,281.7461210322883,25,0,0,0,25
6,78,139.36016496986147,30,0,0,0,30
6,79,0,32,0,0,0,32
6,80,0,30,0,0,0,30
6,81,0,24,0,0,0,24
6,82,264.9897247782816,25,0,0,0,25
6,83,55.89394979247119,28,0,0,0,28
6,84,0,30,0,0,0,30
6,85,0,24,0,0,0,24
6,86,0,21,0,0,0,21
6,87,361.7512586431475,20,0,0,0,20
6,88,356.04138820062917,21,0,0,0,21
6,89,254.22784117999925,26,0,0,0,26
6,90,21.502383038195138,31,0,0,0,31
6,91,0,29,0,0,0,29
6,92,0,24,0,0,0,24
6,93,0,18,0,0,0,18
6,94,423.33162079638026,17,0,0,0,17
6,95,540.080310634098,16,0,0,0,16
6,96,653.622983237442,18,0,0,0,18
6,97,822.2686129388381,18,0,0,0,18
6,98,1013.6566953377001,19,0,0,0,19
6,99,1224.1595689644769,26,0,0,0,26
6,100,1433.2455002010224,34,0,0,0,34
6,101,1623.0636443103929,45,0,0,0,45
6,102,1734.4489644563498,60,0,0,0,60
6,103,1666.781832786445,76,0,0,0,76
6,104,1314.385947490492,102,0,0,0,102
6,105,375.1518198666251,136,0,0,0,136
6,106,0,140,0,0,0,140
6,107,0,121,0,0,0,121
6,108,0,95,0,0,0,95
6,109,0,81,0,0,0,81
6,110,0,65,0,0,0,65
6,111,0,50,0,0,0,50
6,112,65.32725099742508,54,0,0,0,54
6,113,0,48,0,0,0,48
6,114,0,35,0,0,0,35
6,115,0,25,0,0,0,25
6,116,296.63595869366117,26,0,0,0,26
6,117,158.14835493068887,32,0,0,0,32
6,118,0,34,0,0,0,34
6,119,0,29,0,0,0,29
6,120,0,20,0,0,0,20
6,121,246.10800388801272,23,0,0,0,23
6,122,85.03561332807685,28,0,0,0,28
6,123,0,29,0,0,0,29
6,124,0,25,0,0,0,25
6,125,0,16,0,0,0,16
6,126,389.5611744264551,15,0,0,0,15
6,127,425.2672403028023,17,0,0,0,17
6,128,400.1555385327633,23,0,0,0,23
6,129,282.62913107266013,29,0,0,0,29
6,130,29.00305632424529,37,0,0,0,37
6,131,0,36,0,0,0,36
6,132,0,32,0,0,0,32
6,133,0,22,0,0,0,22
6,134,343.7835039505449,21,0,0,0,21
6,135,249.44172331570758,25,0,0,0,25
6,136,57.280994883271916,32,0,0,0,32
6,137,0,29,0,0,0,29
6,138,0,25,0,0,0,25
6,139,0,19,0,0,0,19
6,140,337.0298989099655,18,0,0,0,18
6,141,231.5053986501399,23,0,0,0,23
6,142,0,30,0,0,0,30
6,143,0,28,0,0,0,28
6,144,0,24,0,0,0,24
6,145,318.1245750025413,22,0,0,0,22
6,146,251.511023926063,26,0,0,0,26
6,147,47.18661340964635,29,0,0,0,29
6,148,0,30,0,0,0,30
6,149,0,25,0,0,0,25
6,150,0,22,0,0,0,22
6,151,318.59349471736067,23,0,0,0,23
6,152,249.4813154124616,28,0,0,0,28
6,153,79.27428024722379,31,0,0,0,31
6,154,0,29,0,0,0,29
6,155,0,24,0,0,0,24
6,156,0,19,0,0,0,19
6,157,297.6583988308804,19,0,0,0,19
6,158,198.98241361212746,25,0,0,0,25
6,159,0,30,0,0,0,30
6,160,0,24,0,0,0,24
6,161,0,21,0,0,0,21
6,162,292.8876576119762,21,0,0,0,21
6,163,154.6668026367412,28,0,0,0,28
6,164,0,31,0,0,0,31
6,165,0,29,0,0,0,29
6,166,0,21,0,0,0,21
6,167,307.5370291704477,22,0,0,0,22
6,168,206.48952310365064,27,0,0,0,27
6,169,0,32,0,0,0,32
6,170,0,28,0,0,0,28
6,171,0,23,0,0,0,23
6,172,275.9101282198139,25,0,0,0,25
6,173,126.4385621422952,30,0,0,0,30
6,174,0,32,0,0,0,32
6,175,0,26,0,0,0,26
6,176,0,19,0,0,0,19
6,177,370.616227864751,18,0,0,0,18
6,178,377.55341198375805,20,0,0,0,20
6,179,320.8702983171087,23,0,0,0,23
6,180,136.0703788356154,29,0,0,0,29
6,181,0,34,0,0,0,34
6,182,0,28,0,0,0,28
6,183,0,24,0,0,0,24
6,184,381.23218666213944,19,0,0,0,19
6,185,420.51936279141967,20,0,0,0,20
6,186,392.95007212858127,24,0,0,0,24
6,187,247.82832279646306,31,0,0,0,31
6,188,0,39,0,0,0,39
6,189,0,35,0,0,0,35
6,190,0,26,0,0,0,26
6,191,291.1562756332889,25,0,0,0,25
6,192,139.6543759827491,28,0,0,0,28
6,193,0,33,0,0,0,33
6,194,0,27,0,0,0,27
6,195,0,23,0,0,0,23
6,196,380.7051501926819,19,0,0,0,19
6,197,402.02842321261494,19,0,0,0,19
6,198,348.0552413424356,24,0,0,0,24
6,199,182.71169640191783,30,0,0,0,30
6,200,0,38,0,0,0,38
6,201,0,31,0,0,0,31
6,202,0,24,0,0,0,24
6,203,344.24276343399146,20,0,0,0,20
6,204,190.46586952222736,27,0,0,0,27
6,205,0,31,0,0,0,31
6,206,0,26,0,0,0,26
6,207,0,25,0,0,0,25
6,208,310.4054995931408,25,0,0,0,25
6,209,206.48528915869173,27,0,0,0,27
6,210,33.16093976008749,29,0,0,0,29
6,211,0,28,0,0,0,28
6,212,0,23,0,0,0,23
6,213,0,19,0,0,0,19
6,214,346.8678863518312,18,0,0,0,18
6,215,350.5013366759583,18,0,0,0,18
6,216,254.10069610176126,23,0,0,0,23
6,217,24.85420529930684,32,0,0,0,32
6,218,0,32,0,0,0,32
6,219,0,27,0,0,0,27
6,220,0,19,0,0,0,19
6,221,296.5690532209941,20,0,0,0,20
6,222,242.4645091696355,21,0,0,0,21
6,223,93.0598570132891,27,0,0,0,27
6,224,0,30,0,0,0,30
6,225,0,27,0,0,0,27
6,226,0,19,0,0,0,19
6,227,279.3682308696949,20,0,0,0,20
6,228,131.36444470945943,25,0,0,0,25
6,229,0,30,0,0,0,30
6,230,0,24,0,0,0,24
6,231,0,22,0,0,0,22
6,232,312.971210850774,23,0,0,0,23
6,233,214.4508763893961,25,0,0,0,25
6,234,0,30,0,0,0,30
6,235,0,28,0,0,0,28
6,236,0,27,0,0,0,27
6,237,177.55381629130525,30,0,0,0,30
6,238,0,32,0,0,0,32
6,239,0,24,0,0,0,24
6,240,0,23,0,0,0,23
6,241,245.79718860268392,28,0,0,0,28
6,242,12.674093160390235,32,0,0,0,32
6,243,0,27,0,0,0,27
6,244,0,24,0,0,0,24
6,245,0,19,0,0,0,19
6,246,347.13857169360074,18,0,0,0,18
6,247,299.6305308687614,23,0,0,0,23
6,248,211.43386885404294,25,0,0,0,25
6,249,0,33,0,0,0,33
7,0,8500,31,47,16,37,113
7,1,7750.740438934463,43,56,17,39,135
7,2,7390.740438934463,69,81,23,44,193
7,3,6446.617423534605,97,105,24,45,246
7,4,5305.516532202389,149,133,29,51,331
7,5,2232.965281355279,237,185,34,55,477
7,6,0,253,184,26,38,475
7,7,0,203,138,23,28,374
7,8,0,158,108,17,23,291
7,9,0,124,82,16,18,230
7,10,0,95,64,14,17,180
7,11,0,78,45,11,12,138
7,12,0,60,38,9,10,110
7,13,0,45,27,7,9,80
7,14,0,32,17,6,8,56
7,15,35.783739208157044,30,18,5,8,54
7,16,0,26,14,5,7,46
7,17,0,20,13,4,6,37
7,18,0,17,8,3,6,28
7,19,170.78373920815707,16,9,3,6,28
7,20,0,18,9,3,5,30
7,21,0,15,9,2,5,26
7,22,0,14,7,2,5,23
7,23,228.71527547444128,12,7,2,6,21
7,24,43.0729132116619,16,9,2,6,27
7,25,0,16,8,2,5,26
7,26,0,14,5,2,4,21
7,27,0,8,4,1,4,13
7,28,350.0,10,2,1,4,13
7,29,330.0,13,2,1,5,16
7,30,210.0,18,2,1,6,21
7,31,0,24,1,1,6,26
7,32,0,23,0,0,5,23
7,33,0,17,0,0,5,17
7,34,335.0,14,0,0,6,14
7,35,262.5,18,0,0,6,18
7,36,62.450697708414566,24,0,0,7,24
7,37,0,20,0,0,7,20
7,38,0,17,0,0,6,17
7,39,0,13,0,0,5,13
7,40,350.0,13,0,0,5,13
7,41,315.0,17,0,0,5,17
7,42,202.5,23,0,0,5,23
7,43,0,25,0,0,5,25
7,44,0,22,0,0,3,22
7,45,0,19,0,0,3,19
7,46,334.5021449320728,19,0,0,2,19
7,47,306.255362330182,23,0,0,2,23
7,48,203.57898087883808,27,0,0,3,27
7,49,4.564408701822181,31,0,0,3,31
7,50,0,26,0,0,2,26
7,51,0,22,0,0,2,22
7,52,0,16,0,0,2,16
7,53,379.5021449320728,14,0,0,2,14
7,54,433.75536233018204,15,0,0,2,15
7,55,470.13518842734595,16,0,0,3,16
7,56,449.2070725051646,20,0,0,3,20
7,57,328.3026983601522,28,0,0,4,28
7,58,26.94613714263359,37,0,0,4,37
7,59,0,36,0,0,3,36
7,60,0,28,0,0,2,28
7,61,0,20,0,0,2,20
7,62,350.4877997382597,21,0,0,2,21
7,63,346.2194993456493,21,0,0,2,21
7,64,295.20047507073156,24,0,0,2,24
7,65,128.67193865835492,31,0,0,1,31
7,66,0,34,0,0,1,34
7,67,0,27,0,0,1,27
7,68,0,20,0,0,1,20
7,69,365.0,18,0,0,1,18
7,70,367.5,19,0,0,1,19
7,71,311.25,23,0,0,1,23
7,72,136.30484360308674,30,0,0,1,30
7,73,0,33,0,0,1,33
7,74,0,28,0,0,1,28
7,75,0,19,0,0,1,19
7,76,275.0,24,0,0,1,24
7,77,157.5,26,0,0,1,26
7,78,0,28,0,0,1,28
7,79,0,26,0,0,1,26
7,80,0,22,0,0,1,22
7,81,245.0,22,0,0,1,22
7,82,112.5,27,0,0,1,27
7,83,0,31,0,0,1,31
7,84,0,27,0,0,1,27
7,85,0,20,0,0,0,20
7,86,305.0,21,0,0,0,21
7,87,262.5,21,0,0,0,21
7,88,78.75,28,0,0,0,28
7,89,0,27,0,0,0,27
7,90,0,25,0,0,0,25
7,91,0,17,0,0,0,17
7,92,335.0,18,0,0,0,18
7,93,262.5,23,0,0,0,23
7,94,108.75,27,0,0,0,27
7,95,0,31,0,0,0,31
7,96,0,26,0,0,0,26
7,97,0,22,0,0,0,22
7,98,365.0,18,0,0,0,18
7,99,397.5,19,0,0,0,19
7,100,356.25,23,0,0,0,23
7,101,219.375,29,0,0,0,29
7,102,0,36,0,0,0,36
7,103,0,33,0,0,0,33
7,104,0,26,0,0,0,26
7,105,230.0,29,0,0,0,29
7,106,45.0,34,0,0,0,34
7,107,0,30,0,0,0,30
7,108,0,27,0,0,0,27
7,109,0,19,0,0,0,19
7,110,395.0,16,0,0,0,16
7,111,472.5,16,0,0,0,16
7,112,543.75,17,0,0,0,17
7,113,575.625,24,0,0,0,24
7,114,518.4375,31,0,0,0,31
7,115,327.65625,41,0,0,0,41
7,116,0,52,0,0,0,52
7,117,0,50,0,0,0,50
7,118,0,38,0,0,0,38
7,119,185.0,39,0,0,0,39
7,120,0,42,0,0,0,42
7,121,0,33,0,0,0,33
7,122,0,26,0,0,0,26
7,123,350.0,25,0,0,0,25
7,124,330.0,27,0,0,0,27
7,125,270.0,29,0,0,0,29
7,126,75.0,34,0,0,0,34
7,127,0,33,0,0,0,33
7,128,0,28,0,0,0,28
7,129,0,22,0,0,0,22
7,130,350.0,22,0,0,0,22
7,131,344.14499122591485,23,0,0,0,23
7,132,305.36247806478707,26,0,0,0,26
7,133,127.18870832309548,31,0,0,0,31
7,134,0,31,0,0,0,31
7,135,0,26,0,0,0,26
7,136,0,20,0,0,0,20
7,137,257.43497367774455,23,0,0,0,23
7,138,97.36826825041027,31,0,0,0,31
7,139,0,30,0,0,0,30
7,140,0,24,0,0,0,24
7,141,0,18,0,0,0,18
7,142,393.2899824518297,15,0,0,0,15
7,143,484.0799649036594,16,0,0,0,16
7,144,559.4099298073188,18,0,0,0,18
7,145,626.5498683887228,21,0,0,0,21
7,146,649.6947499385733,27,0,0,0,27
7,147,562.7020547151787,36,0,0,0,36
7,148,295.95641794518576,48,0,0,0,48
7,149,0,58,0,0,0,58
7,150,0,52,0,0,0,52
7,151,0,41,0,0,0,41
7,152,163.61335342058808,43,0,0,0,43
7,153,0,44,0,0,0,44
7,154,0,36,0,0,0,36
7,155,0,30,0,0,0,30
7,156,254.01493858140398,30,0,0,0,30
7,157,103.32732890533981,34,0,0,0,34
7,158,0,35,0,0,0,35
7,159,0,31,0,0,0,31
7,160,0,22,0,0,0,22
7,161,296.4499122591485,23,0,0,0,23
7,162,209.41476309970105,25,0,0,0,25
7,163,18.007030586444877,32,0,0,0,32
7,164,0,29,0,0,0,29
7,165,0,23,0,0,0,23
7,166,0,15,0,0,0,15
7,167,374.01493858140395,14,0,0,0,14
7,168,420.03734645350994,15,0,0,0,15
7,169,411.50593193941336,21,0,0,0,21
7,170,320.28877507192794,27,0,0,0,27
7,171,57.47797835210406,37,0,0,0,37
7,172,0,38,0,0,0,38
7,173,0,30,0,0,0,30
7,174,0,20,0,0,0,20
7,175,374.8699473554891,19,0,0,0,19
7,176,421.3198596146376,22,0,0,0,22
7,177,412.57469290701977,27,0,0,0,27
7,178,335.2462803504312,30,0,0,0,30
7,179,140.04299902038656,36,0,0,0,36
7,180,0,41,0,0,0,41
7,181,0,36,0,0,0,36
7,182,0,26,0,0,0,26
7,183,248.9492673121569,27,0,0,0,27
7,184,89.01751455931574,30,0,0,0,30
7,185,0,31,0,0,0,31
7,186,0,26,0,0,0,26
7,187,0,21,0,0,0,21
7,188,344.01493858140395,22,0,0,0,22
7,189,359.1823376794248,22,0,0,0,22
7,190,303.5134012301154,26,0,0,0,26
7,191,142.44497023389604,33,0,0,0,33
7,192,0,38,0,0,0,38
7,193,0,33,0,0,0,33
7,194,0,28,0,0,0,28
7,195,248.88488593689308,30,0,0,0,30
7,196,0,40,0,0,0,40
7,197,0,35,0,0,0,35
7,198,0,28,0,0,0,28
7,199,310.5648255495605,27,0,0,0,27
7,200,229.71708529348246,29,0,0,0,29
7,201,0,38,0,0,0,38
7,202,0,36,0,0,0,36
7,203,0,29,0,0,0,29
7,204,263.0148381950565,30,0,0,0,30
7,205,64.11706039130095,35,0,0,0,35
7,206,0,35,0,0,0,35
7,207,0,30,0,0,0,30
7,208,0,23,0,0,0,23
7,209,325.59490348506336,24,0,0,0,24
7,210,204.61815706971242,31,0,0,0,31
7,211,0,40,0,0,0,40
7,212,0,37,0,0,0,37
7,213,0,27,0,0,0,27
7,214,278.0298771628079,29,0,0,0,29
7,215,84.08963148842403,35,0,0,0,35
7,216,0,37,0,0,0,37
7,217,0,30,0,0,0,30
7,218,0,24,0,0,0,24
7,219,309.2241011381063,25,0,0,0,25
7,220,161.55939785379786,31,0,0,0,31
7,221,0,39,0,0,0,39
7,222,0,35,0,0,0,35
7,223,0,27,0,0,0,27
7,224,259.7933620576942,30,0,0,0,30
7,225,36.950963007023915,38,0,0,0,38
7,226,0,37,0,0,0,37
7,227,0,31,0,0,0,31
7,228,0,22,0,0,0,22
7,229,387.46755786278817,19,0,0,0,19
7,230,370.6415421085591,24,0,0,0,24
7,231,297.3216985820881,28,0,0,0,28
7,232,24.338806887966378,41,0,0,0,41
7,233,0,41,0,0,0,41
7,234,0,42,0,0,0,42
7,235,0,34,0,0,0,34
7,236,273.576838499244,35,0,0,0,35
7,237,88.44721780862943,38,0,0,0,38
7,238,0,40,0,0,0,40
7,239,0,37,0,0,0,37
7,240,0,28,0,0,0,28
7,241,402.48844102446054,23,0,0,0,23
7,242,392.85453481152683,25,0,0,0,25
7,243,280.376322943715,31,0,0,0,31
7,244,0,44,0,0,0,44
7,245,0,46,0,0,0,46
7,246,0,41,0,0,0,41
7,247,128.80284621983495,48,0,0,0,48
7,248,0,49,0,0,0,49
7,249,0,39,0,0,0,39
8,0,8500,44,40,15,34,116
8,1,7750.8950589717615,61,45,17,34,140
8,2,7395.305885689879,95,61,21,41,195
8,3,6466.269537542775,133,75,24,42,250
8,4,5331.3652677127875,194,94,29,45,335
8,5,2308.939238635133,300,127,36,49,481
8,6,0,317,114,30,41,474
8,7,0,252,92,24,31,381
8,8,0,195,67,18,25,293
8,9,0,148,55,16,26,231
8,10,0,116,47,13,22,188
8,11,0,84,31,8,15,133
8,12,0,66,26,8,13,107
8,13,0,50,21,7,7,83
8,14,0,38,16,5,4,63
8,15,97.465387757961,39,13,5,3,61
8,16,0,31,11,4,3,50
8,17,0,25,7,2,2,38
8,18,0,21,4,1,1,28
8,19,336.002214690095,18,3,1,1,24
8,20,281.0077514153325,21,3,0,1,26
8,21,153.51605650318882,27,2,0,1,31
8,22,0,26,1,0,1,29
8,23,0,22,1,0,1,25
8,24,0,18,1,0,1,20
8,25,291.002214690095,19,1,0,1,21
8,26,212.50553672523753,21,1,0,1,23
8,27,0,26,1,0,1,28
8,28,0,21,1,0,0,23
8,29,0,19,1,0,0,21
8,30,351.4233338938638,19,0,0,0,20
8,31,318.55833473465947,21,0,0,0,22
8,32,222.83750210198923,26,0,0,0,27
8,33,0,32,0,0,0,33
8,34,0,28,0,0,0,28
8,35,0,21,0,0,0,21
8,36,350.0,19,0,0,0,19
8,37,331.4233338938638,21,0,0,0,21
8,38,273.55833473465947,24,0,0,0,24
8,39,96.76083599585303,29,0,0,0,29
8,40,0,26,0,0,0,26
8,41,0,24,0,0,0,24
8,42,0,24,0,0,0,24
8,43,290.8609222472194,25,0,0,0,25
8,44,227.15230561804844,26,0,0,0,26
8,45,42.45030292151142,29,0,0,0,29
8,46,0,27,0,0,0,27
8,47,0,25,0,0,0,25
8,48,0,20,0,0,0,20
8,49,455.0,16,0,0,0,16
8,50,667.5,13,0,0,0,13
8,51,956.25,13,0,0,0,13
8,52,1389.375,11,0,0,0,11
8,53,2024.0625,9,0,0,0,9
8,54,2961.09375,9,0,0,0,9
8,55,4351.640625,10,0,0,0,10
8,56,6407.4609375,11,0,0,0,11
8,57,9446.19140625,14,0,0,0,14
8,58,9790.0,17,0,0,0,17
8,59,9745.180390726118,22,0,0,0,22
8,60,9670.180390726118,28,0,0,0,28
8,61,9580.360781452237,35,0,0,0,35
8,62,9475.360781452237,45,0,0,0,45
8,63,9325.541172178355,55,0,0,0,55
8,64,9175.721562904473,72,0,0,0,72
8,65,8920.721562904473,88,0,0,0,88
8,66,8680.775859528756,115,0,0,0,115
8,67,8277.370792575553,143,0,0,0,143
8,68,7860.274957209471,181,0,0,0,181
8,69,7292.220899074359,229,0,0,0,229
8,70,6573.0042396273,290,0,0,0,290
8,71,5516.842920843063,364,0,0,0,364
8,72,2823.0884708058156,459,0,0,0,459
8,73,0,519,0,0,0,519
8,74,0,457,0,0,0,457
8,75,0,395,0,0,0,395
8,76,0,325,0,0,0,325
8,77,0,258,0,0,0,258
8,78,0,214,0,0,0,214
8,79,0,179,0,0,0,179
8,80,0,137,0,0,0,137
8,81,0,102,0,0,0,102
8,82,112.31649595126947,88,0,0,0,88
8,83,0,71,0,0,0,71
8,84,0,52,0,0,0,52
8,85,0,41,0,0,0,41
8,86,320.1803907261182,33,0,0,0,33
8,87,270.63136754141374,33,0,0,0,33
8,88,136.4882234904753,33,0,0,0,33
8,89,0,31,0,0,0,31
8,90,0,28,0,0,0,28
8,91,0,24,0,0,0,24
8,92,320.0,25,0,0,0,25
8,93,240.0,27,0,0,0,27
8,94,90.0,31,0,0,0,31
8,95,0,31,0,0,0,31
8,96,0,27,0,0,0,27
8,97,0,21,0,0,0,21
8,98,380.0,19,0,0,0,19
8,99,420.0,19,0,0,0,19
8,100,420.0,24,0,0,0,24
8,101,376.06007212582415,25,0,0,0,25
8,102,266.78116287227306,29,0,0,0,29
8,103,0,35,0,0,0,35
8,104,0,29,0,0,0,29
8,105,0,28,0,0,0,28
8,106,306.06007212582415,27,0,0,0,27
8,107,190.0711227755142,32,0,0,0,32
8,108,0,34,0,0,0,34
8,109,0,32,0,0,0,32
8,110,0,28,0,0,0,28
8,111,319.84188492190765,26,0,0,0,26
8,112,254.60471230476915,28,0,0,0,28
8,113,51.66989584001527,32,0,0,0,32
8,114,0,31,0,0,0,31
8,115,0,27,0,0,0,27
8,116,0,21,0,0,0,21
8,117,350.0,20,0,0,0,20
8,118,360.0,22,0,0,0,22
8,119,314.51942621763334,25,0,0,0,25
8,120,185.8179917617167,27,0,0,0,27
8,121,0,28,0,0,0,28
8,122,0,28,0,0,0,28
8,123,0,26,0,0,0,26
8,124,334.51942621763334,27,0,0,0,27
8,125,321.2985655440834,26,0,0,0,26
8,126,255.9867007513917,28,0,0,0,28
8,127,51.21718241075416,32,0,0,0,32
8,128,0,28,0,0,0,28
8,129,0,25,0,0,0,25
8,130,0,21,0,0,0,21
8,131,334.51942621763334,22,0,0,0,22
8,132,279.45476813769375,23,0,0,0,23
8,133,166.85778101778436,28,0,0,0,28
8,134,0,28,0,0,0,28
8,135,0,25,0,0,0,25
8,136,0,24,0,0,0,24
8,137,246.22445383036614,26,0,0,0,26
8,138,54.1099595950378,31,0,0,0,31
8,139,0,31,0,0,0,31
8,140,0,26,0,0,0,26
8,141,0,19,0,0,0,19
8,142,318.54882501912243,19,0,0,0,19
8,143,279.9208875669285,23,0,0,0,23
8,144,146.97898138863764,26,0,0,0,26
8,145,0,29,0,0,0,29
8,146,0,27,0,0,0,27
8,147,0,23,0,0,0,23
8,148,345.6464750573673,19,0,0,0,19
8,149,302.6650126625407,23,0,0,0,23
8,150,193.19281907030074,28,0,0,0,28
8,151,0,29,0,0,0,29
8,152,0,25,0,0,0,25
8,153,0,23,0,0,0,23
8,154,239.19530007648973,27,0,0,0,27
8,155,67.98825019122432,29,0,0,0,29
8,156,0,32,0,0,0,32
8,157,0,27,0,0,0,27
8,158,0,22,0,0,0,22
8,159,378.54882501912243,20,0,0,0,20
8,160,476.3720625478061,19,0,0,0,19
8,161,546.655743859954,19,0,0,0,19
8,162,652.0812658281759,18,0,0,0,18
8,163,735.2195487805087,22,0,0,0,22
8,164,783.3297123199932,25,0,0,0,25
8,165,794.0437826483424,34,0,0,0,34
8,166,672.066452270974,41,0,0,0,41
8,167,382.50319581590657,54,0,0,0,54
8,168,0,63,0,0,0,63
8,169,0,59,0,0,0,59
8,170,0,49,0,0,0,49
8,171,164.7864610785674,46,0,0,0,46
8,172,0,46,0,0,0,46
8,173,0,43,0,0,0,43
8,174,0,35,0,0,0,35
8,175,272.8348969484597,31,0,0,0,31
8,176,104.03880650125694,34,0,0,0,34
8,177,0,33,0,0,0,33
8,178,0,29,0,0,0,29
8,179,0,22,0,0,0,22
8,180,284.6403751704303,22,0,0,0,22
8,181,166.6009379260757,24,0,0,0,24
8,182,0,28,0,0,0,28
8,183,0,25,0,0,0,25
8,184,0,23,0,0,0,23
8,185,345.2082173329559,20,0,0,0,20
8,186,348.0205433323897,23,0,0,0,23
8,187,307.23903233154044,24,0,0,0,24
8,188,202.66402671928125,26,0,0,0,26
8,189,0,31,0,0,0,31
8,190,0,27,0,0,0,27
8,191,0,24,0,0,0,24
8,192,330.2082173329559,24,0,0,0,24
8,193,307.97099782164224,23,0,0,0,23
8,194,213.97019228738986,26,0,0,0,26
8,195,38.82217758624917,30,0,0,0,30
8,196,0,29,0,0,0,29
8,197,0,26,0,0,0,26
8,198,0,20,0,0,0,20
8,199,341.0614109331937,21,0,0,0,21
8,200,337.6535273329843,22,0,0,0,22
8,201,327.74991926562603,21,0,0,0,21
8,202,234.69998538655926,22,0,0,0,22
8,203,30.33330190091497,27,0,0,0,27
8,204,0,29,0,0,0,29
8,205,0,25,0,0,0,25
8,206,0,23,0,0,0,23
8,207,322.8668891551643,22,0,0,0,22
8,208,322.1672228879108,21,0,0,0,21
8,209,239.72867993097162,23,0,0,0,23
8,210,65.32679820678617,26,0,0,0,26
8,211,0,26,0,0,0,26
8,212,0,26,0,0,0,26
8,213,0,23,0,0,0,23
8,214,401.0614109331937,20,0,0,0,20
8,215,502.65352733298437,17,0,0,0,17
8,216,604.2976346438935,19,0,0,0,19
8,217,741.1188193429751,19,0,0,0,19
8,218,863.0569835920734,22,0,0,0,22
8,219,1011.1724472986765,28,0,0,0,28
8,220,1132.502484548309,29,0,0,0,29
8,221,1248.108496866699,39,0,0,0,39
8,222,1222.6880525889383,48,0,0,0,48
8,223,1035.0284485904156,62,0,0,0,62
8,224,521.5150580592572,79,0,0,0,79
8,225,0,91,0,0,0,91
8,226,0,82,0,0,0,82
8,227,0,78,0,0,0,78
8,228,0,76,0,0,0,76
8,229,0,70,0,0,0,70
8,230,0,58,0,0,0,58
8,231,269.0271804535075,55,0,0,0,55
8,232,69.76571755379064,50,0,0,0,50
8,233,0,41,0,0,0,41
8,234,0,37,0,0,0,37
8,235,0,30,0,0,0,30
8,236,319.7712477422844,30,0,0,0,30
8,237,286.979935549774,30,0,0,0,30
8,238,138.85437819420216,32,0,0,0,32
8,239,0,31,0,0,0,31
8,240,0,31,0,0,0,31
8,241,0,26,0,0,0,26
8,242,274.676908743766,26,0,0,0,26
8,243,104.3509436816234,30,0,0,0,30
8,244,0,28,0,0,0,28
8,245,0,27,0,0,0,27
8,246,0,25,0,0,0,25
8,247,383.81917377689706,23,0,0,0,23
8,248,459.54793444224265,23,0,0,0,23
8,249,538.9942690404989,22,0,0,0,22
9,0,8500,21,36,20,44,106
9,1,7756.766940561349,29,46,23,47,127
9,2,7396.76694056135,48,70,31,56,181
9,3,6458.523017679461,71,93,36,58,232
9,4,5349.19326244198,113,128,45,63,319
9,5,2301.0648192289314,182,176,63,74,457
9,6,0,200,169,56,63,451
9,7,0,157,138,43,52,361
9,8,0,120,107,31,38,276
9,9,0,96,87,29,34,229
9,10,0,67,69,28,30,181
9,11,0,49,58,19,22,140
9,12,0,33,42,16,19,104
9,13,0,28,27,14,15,78
9,14,0,23,23,11,12,63
9,15,65.0,19,18,11,11,54
9,16,0,14,15,10,10,44
9,17,0,9,13,8,9,34
9,18,0,6,10,8,8,27
9,19,275.0,5,13,6,8,26
9,20,127.5,5,16,5,7,28
9,21,0,5,16,4,6,27
9,22,0,4,14,4,5,24
9,23,0,4,9,4,5,19
9,24,245.0,5,11,4,5,22
9,25,22.5,7,13,4,5,26
9,26,0,7,12,3,4,24
9,27,0,6,11,3,4,22
9,28,0,4,8,3,2,17
9,29,320.0,6,8,3,3,19
9,30,285.0,7,8,2,3,18
9,31,172.5,11,9,2,3,23
9,32,0,11,10,2,3,24
9,33,0,11,7,2,2,21
9,34,0,9,7,2,2,19
9,35,305.0,13,5,2,1,21
9,36,187.5,16,5,2,1,24
9,37,0,23,5,2,1,31
9,38,0,19,4,2,0,26
9,39,0,15,4,2,0,22
9,40,259.12404292263494,16,3,2,0,22
9,41,162.81010730658733,20,3,2,0,26
9,42,0,23,3,2,0,29
9,43,0,19,3,2,0,25
9,44,0,15,3,1,0,19
9,45,334.12404292263494,15,4,1,0,20
9,46,304.43415022922227,18,4,1,0,23
9,47,214.8993111891033,20,5,1,0,26
9,48,0,25,6,1,0,32
9,49,0,20,6,0,0,26
9,50,0,17,4,0,0,21
9,51,319.0820495714693,17,4,0,0,21
9,52,235.95320977394323,20,4,0,0,24
9,53,96.84124026978458,24,4,0,0,28
9,54,0,22,4,0,0,26
9,55,0,18,3,0,0,21
9,56,0,14,3,0,0,17
9,57,348.8293760374003,15,3,0,0,18
9,58,342.0734400935008,16,3,0,0,19
9,59,271.02158574912085,22,3,0,0,25
9,60,70.79626423310725,27,2,0,0,29
9,61,0,25,1,0,0,26
9,62,0,22,1,0,0,23
9,63,0,18,1,0,0,19
9,64,409.8398329778418,15,1,0,0,16
9,65,477.84766828987426,16,1,0,0,17
9,66,534.6992542357647,18,1,0,0,19
9,67,574.9766331546002,23,1,0,0,24
9,68,604.1265991850162,24,1,0,0,25
9,69,542.6913812084819,32,1,0,0,33
9,70,346.06701405408114,37,1,0,0,38
9,71,0,46,1,0,0,47
9,72,0,43,1,0,0,44
9,73,0,39,1,0,0,40
9,74,138.39170662796045,38,1,0,0,39
9,75,0,39,1,0,0,40
9,76,0,36,1,0,0,37
9,77,0,29,0,0,0,29
9,78,243.57903687276678,28,0,0,0,28
9,79,71.28755883309064,31,0,0,0,31
9,80,0,28,0,0,0,28
9,81,0,21,0,0,0,21
9,82,0,17,0,0,0,17
9,83,332.9277518009535,19,0,0,0,19
9,84,288.0351695575907,19,0,0,0,19
9,85,189.66017209302322,23,0,0,0,23
9,86,0,26,0,0,0,26
9,87,0,23,0,0,0,23
9,88,0,20,0,0,0,20
9,89,362.7675847787953,22,0,0,0,22
9,90,393.5107090795601,24,0,0,0,24
9,91,408.7494384533423,24,0,0,0,24
9,92,369.6954513371271,25,0,0,0,25
9,93,280.07834656328146,29,0,0,0,29
9,94,39.45639828083146,32,0,0,0,32
9,95,0,28,0,0,0,28
9,96,0,27,0,0,0,27
9,97,0,22,0,0,0,22
9,98,364.35933191136724,24,0,0,0,24
9,99,440.1825397232112,22,0,0,0,22
9,100,477.00527026408855,21,0,0,0,21
9,101,516.3634089980394,25,0,0,0,25
9,102,497.6125788447121,27,0,0,0,27
9,103,393.29004249304,32,0,0,0,32
9,104,191.21053518619715,36,0,0,0,36
9,105,0,37,0,0,0,37
9,106,0,34,0,0,0,34
9,107,0,32,0,0,0,32
9,108,270.25980082257206,33,0,0,0,33
9,109,160.9248707914489,32,0,0,0,32
9,110,0,34,0,0,0,34
9,111,0,31,0,0,0,31
9,112,0,25,0,0,0,25
9,113,315.855503601907,21,0,0,0,21
9,114,226.13493069530733,26,0,0,0,26
9,115,25.425697113150832,30,0,0,0,30
9,116,0,26,0,0,0,26
9,117,0,24,0,0,0,24
9,118,0,18,0,0,0,18
9,119,330.13971354670014,20,0,0,0,20
9,120,277.72141263465534,21,0,0,0,21
9,121,168.9337942444299,26,0,0,0,26
9,122,0,27,0,0,0,27
9,123,0,25,0,0,0,25
9,124,0,22,0,0,0,22
9,125,406.3360046683816,19,0,0,0,19
9,126,452.3361833614934,21,0,0,0,21
9,127,458.6194102382867,24,0,0,0,24
9,128,436.2923363987465,26,0,0,0,26
9,129,355.173854407341,29,0,0,0,29
9,130,172.22383563749688,33,0,0,0,33
9,131,0,35,0,0,0,35
9,132,0,32,0,0,0,32
9,133,0,29,0,0,0,29
9,134,248.36322104131702,28,0,0,0,28
9,135,58.97779858700413,33,0,0,0,33
9,136,0,31,0,0,0,31
9,137,0,28,0,0,0,28
9,138,0,19,0,0,0,19
9,139,359.49492058287234,17,0,0,0,17
9,140,381.2695972472439,20,0,0,0,20
9,141,336.14357398954775,22,0,0,0,22
9,142,235.9158378016876,26,0,0,0,26
9,143,24.901626309951737,30,0,0,0,30
9,144,0,26,0,0,0,26
9,145,0,25,0,0,0,25
9,146,0,19,0,0,0,19
9,147,373.77913052766553,19,0,0,0,19
9,148,418.57186924179854,20,0,0,0,20
9,149,438.1331060809027,23,0,0,0,23
9,150,451.5990042621937,24,0,0,0,24
9,151,409.54415098733944,26,0,0,0,26
9,152,251.20612861086795,31,0,0,0,31
9,153,0,35,0,0,0,35
9,154,0,32,0,0,0,32
9,155,0,29,0,0,0,29
9,156,248.0216016714145,29,0,0,0,29
9,157,27.439217205106594,34,0,0,0,34
9,158,0,30,0,0,0,30
9,159,0,28,0,0,0,28
9,160,0,24,0,0,0,24
9,161,343.8813847171102,23,0,0,0,23
9,162,327.95154763804544,22,0,0,0,22
9,163,240.55296370998803,25,0,0,0,25
9,164,77.70317366317175,28,0,0,0,28
9,165,0,25,0,0,0,25
9,166,0,23,0,0,0,23
9,167,0,19,0,0,0,19
9,168,280.37755640765,21,0,0,0,21
9,169,137.44006270966474,25,0,0,0,25
9,170,0,28,0,0,0,28
9,171,0,27,0,0,0,27
9,172,0,24,0,0,0,24
9,173,341.2404292263494,22,0,0,0,22
9,174,276.36224316980906,25,0,0,0,25
9,175,131.41709285290335,27,0,0,0,27
9,176,0,28,0,0,0,28
9,177,0,26,0,0,0,26
9,178,0,23,0,0,0,23
9,179,265.6939055757255,23,0,0,0,23
9,180,164.23476393931386,25,0,0,0,25
9,181,0,27,0,0,0,27
9,182,0,26,0,0,0,26
9,183,0,23,0,0,0,23
9,184,348.1860663266855,22,0,0,0,22
9,185,322.8372945846185,22,0,0,0,22
9,186,241.5098612016434,24,0,0,0,24
9,187,55.84493393230644,31,0,0,0,31
9,188,0,27,0,0,0,27
9,189,0,25,0,0,0,25
9,190,0,20,0,0,0,20
9,191,424.92489622274996,16,0,0,0,16
9,192,546.4362834795096,16,0,0,0,16
9,193,681.0754931325537,16,0,0,0,16
9,194,851.2823934573896,20,0,0,0,20
9,195,1077.9532051540489,21,0,0,0,21
9,196,1373.4439268310773,22,0,0,0,22
9,197,1740.4125993239297,29,0,0,0,29
9,198,2195.6098655990186,34,0,0,0,34
9,199,2771.5787470796718,42,0,0,0,42
9,200,3508.5244126817306,53,0,0,0,53
9,201,4445.106239954238,64,0,0,0,64
9,202,5679.497331089094,83,0,0,0,83
9,203,7231.509449285519,100,0,0,0,100
9,204,8443.272725971423,129,0,0,0,129
9,205,7991.134236012097,160,0,0,0,160
9,206,7500.927391827688,201,0,0,0,201
9,207,6861.728472493445,255,0,0,0,255
9,208,6011.1354543228,314,0,0,0,314
9,209,4095.3613617035353,404,0,0,0,404
9,210,79.82990983255678,490,0,0,0,490
9,211,0,448,0,0,0,448
9,212,0,416,0,0,0,416
9,213,0,337,0,0,0,337
9,214,0,298,0,0,0,298
9,215,0,243,0,0,0,243
9,216,0,211,0,0,0,211
9,217,0,179,0,0,0,179
9,218,0,135,0,0,0,135
9,219,0,97,0,0,0,97
9,220,114.43856896917107,84,0,0,0,84
9,221,0,64,0,0,0,64
9,222,0,48,0,0,0,48
9,223,0,40,0,0,0,40
9,224,236.6065744129717,36,0,0,0,36
9,225,92.6053688542869,37,0,0,0,37
9,226,0,33,0,0,0,33
9,227,0,28,0,0,0,28
9,228,0,21,0,0,0,21
9,229,343.4268080758929,20,0,0,0,20
9,230,326.8151060350021,21,0,0,0,21
9,231,257.9641110269619,23,0,0,0,23
9,232,122.93570436017156,27,0,0,0,27
9,233,0,27,0,0,0,27
9,234,0,25,0,0,0,25
9,235,0,20,0,0,0,20
9,236,313.95613298846104,23,0,0,0,23
9,237,237.26246123905744,23,0,0,0,23
9,238,107.38749925056722,25,0,0,0,25
9,239,0,27,0,0,0,27
9,240,0,24,0,0,0,24
9,241,0,20,0,0,0,20
9,242,452.3721287679048,15,0,0,0,15
9,243,568.4679963232818,13,0,0,0,13
9,244,742.6117976563472,16,0,0,0,16
9,245,972.0755855012155,16,0,0,0,16
9,246,1301.4368129041336,16,0,0,0,16
9,247,1747.8507827764158,20,0,0,0,20
9,248,2322.215995120649,24,0,0,0,24
9,249,3136.135942404904,29,0,0,0,29
10,0,8500,34,43,13,41,109
10,1,7745.800928552459,47,51,14,43,131
10,2,7383.21974845257,74,72,17,52,184
10,3,6449.686913476031,110,90,17,54,238
10,4,5272.225297153897,162,117,22,60,323
10,5,2131.0050618988425,255,161,27,67,466
10,6,0,276,149,22,54,461
10,7,0,218,108,19,46,357
10,8,0,166,81,11,33,265
10,9,0,132,66,9,31,213
10,10,0,90,57,6,28,159
10,11,0,69,39,6,20,118
10,12,0,53,32,5,16,93
10,13,0,43,28,3,13,76
10,14,0,32,18,3,9,54
10,15,121.38886753768725,29,14,2,8,46
10,16,0,29,10,1,7,41
10,17,0,22,10,1,5,34
10,18,0,19,8,1,4,29
10,19,228.1603430733815,20,6,1,4,28
10,20,55.40085768345381,22,6,1,4,30
10,21,0,20,6,1,4,28
10,22,0,19,5,1,3,26
10,23,0,14,2,1,3,18
10,24,290.0,14,2,1,4,18
10,25,180.0,19,2,1,4,23
10,26,0,22,2,1,4,26
10,27,0,16,2,1,4,20
10,28,0,13,1,1,4,16
10,29,305.0,13,2,0,4,16
10,30,247.5,14,3,0,4,18
10,31,86.25,20,4,0,4,25
10,32,0,19,3,0,3,23
10,33,0,14,3,0,3,18
10,34,0,12,2,0,3,15
10,35,380.0,9,2,0,4,12
10,36,420.0,11,1,0,4,13
10,37,450.0,15,0,0,4,16
10,38,405.0,17,0,0,4,18
10,39,277.5,25,0,0,5,26
10,40,0,30,0,0,5,31
10,41,0,24,0,0,3,25
10,42,0,20,0,0,3,21
10,43,260.0,23,0,0,3,24
10,44,61.39739419035237,25,0,0,3,26
10,45,0,26,0,0,3,27
10,46,0,24,0,0,3,25
10,47,0,21,0,0,2,22
10,48,305.0,21,0,0,2,22
10,49,217.5,24,0,0,2,25
10,50,26.25,27,0,0,2,28
10,51,0,24,0,0,2,24
10,52,0,21,0,0,2,21
10,53,0,18,0,0,2,18
10,54,335.0,19,0,0,2,19
10,55,292.5,22,0,0,3,22
10,56,198.75,25,0,0,3,25
10,57,0,27,0,0,3,27
10,58,0,20,0,0,3,20
10,59,0,17,0,0,3,17
10,60,320.0,16,0,0,3,16
10,61,255.43817437555623,20,0,0,3,20
10,62,98.5954359388906,27,0,0,3,27
10,63,0,26,0,0,3,26
10,64,0,22,0,0,3,22
10,65,0,17,0,0,3,17
10,66,440.0,12,0,0,4,12
10,67,555.0,13,0,0,4,13
10,68,699.1760355539961,14,0,0,5,14
10,69,900.4400888849902,14,0,0,5,14
10,70,1144.0122044354775,18,0,0,5,18
10,71,1494.3703777612086,20,0,0,5,20
10,72,1916.583673303802,25,0,0,6,25
10,73,2446.5796521716884,32,0,0,6,32
10,74,3111.601727135507,43,0,0,6,43
10,75,3947.4869106892284,57,0,0,6,57
10,76,4998.018828235795,74,0,0,6,74
10,77,6323.844811217634,101,0,0,6,101
10,78,7919.858424447797,131,0,0,6,131
10,79,7992.110549698412,170,0,0,6,170
10,80,7420.563267224992,221,0,0,6,221
10,81,6673.244663698944,287,0,0,6,287
10,82,5699.842381476477,379,0,0,6,379
10,83,2896.696754045569,486,0,0,6,486
10,84,0,542,0,0,5,542
10,85,0,464,0,0,5,464
10,86,0,385,0,0,4,385
10,87,0,307,0,0,4,307
10,88,0,242,0,0,4,242
10,89,0,187,0,0,1,187
10,90,0,154,0,0,0,154
10,91,0,107,0,0,0,107
10,92,0,77,0,0,0,77
10,93,220.28757975758325,60,0,0,0,60
10,94,4.042913839961884,56,0,0,0,56
10,95,0,44,0,0,0,44
10,96,0,33,0,0,0,33
10,97,0,25,0,0,0,25
10,98,381.6760355539962,21,0,0,0,21
10,99,394.1900888849905,23,0,0,0,23
10,100,367.96116888148185,22,0,0,0,22
10,101,240.29382443021515,29,0,0,0,29
10,102,0,36,0,0,0,36
10,103,0,31,0,0,0,31
10,104,0,27,0,0,0,27
10,105,278.3520711079924,28,0,0,0,28
10,106,120.88017776998095,33,0,0,0,33
10,107,0,30,0,0,0,30
10,108,0,30,0,0,0,30
10,109,0,28,0,0,0,28
10,110,368.3520711079924,25,0,0,0,25
10,111,375.88017776998106,26,0,0,0,26
10,112,357.172337762964,27,0,0,0,27
10,113,240.7866133064346,32,0,0,0,32
10,114,21.208026621640442,36,0,0,0,36
10,115,0,31,0,0,0,31
10,116,0,28,0,0,0,28
10,117,0,25,0,0,0,25
10,118,308.3520711079924,24,0,0,0,24
10,119,255.880177769981,29,0,0,0,29
10,120,103.84837331696008,33,0,0,0,33
10,121,0,31,0,0,0,31
10,122,0,28,0,0,0,28
10,123,0,22,0,0,0,22
10,124,338.3520711079924,21,0,0,0,21
10,125,330.880177769981,24,0,0,0,24
10,126,276.34837331696014,26,0,0,0,26
10,127,118.72026567259451,30,0,0,0,30
10,128,0,34,0,0,0,34
10,129,0,29,0,0,0,29
10,130,0,28,0,0,0,28
10,131,261.17933139323947,29,0,0,0,29
10,132,107.11792751826445,33,0,0,0,33
10,133,0,33,0,0,0,33
10,134,0,29,0,0,0,29
10,135,0,25,0,0,0,25
10,136,380.33369680407753,23,0,0,0,23
10,137,451.1679388142714,23,0,0,0,23
10,138,542.4193018295623,22,0,0,0,22
10,139,620.0341242217337,22,0,0,0,22
10,140,706.3859735489109,25,0,0,0,25
10,141,731.6515254089118,33,0,0,0,33
10,142,665.5509436111458,39,0,0,0,39
10,143,448.1710696692322,49,0,0,0,49
10,144,0,64,0,0,0,64
10,145,0,57,0,0,0,57
10,146,0,52,0,0,0,52
10,147,98.10578597104544,54,0,0,0,54
10,148,0,51,0,0,0,51
10,149,0,44,0,0,0,44
10,150,0,41,0,0,0,41
10,151,306.0714746733126,38,0,0,0,38
10,152,234.84498987920392,37,0,0,0,37
10,153,68.6726562961961,42,0,0,0,42
10,154,0,35,0,0,0,35
10,155,0,29,0,0,0,29
10,156,0,28,0,0,0,28
10,157,366.33478721631013,25,0,0,0,25
10,158,371.2410491059329,25,0,0,0,25
10,159,322.049283787071,26,0,0,0,26
10,160,173.59533261285563,31,0,0,0,31
10,161,0,34,0,0,0,34
10,162,0,32,0,0,0,32
10,163,0,28,0,0,0,28
10,164,263.86261708104354,31,0,0,0,31
10,165,113.86758111934324,33,0,0,0,33
10,166,0,35,0,0,0,35
10,167,0,31,0,0,0,31
10,168,0,29,0,0,0,29
10,169,352.79114240773094,29,0,0,0,29
10,170,308.23048605385355,29,0,0,0,29
10,171,228.51318932862043,31,0,0,0,31
10,172,36.06353755422124,36,0,0,0,36
10,173,0,33,0,0,0,33
10,174,0,33,0,0,0,33
10,175,0,29,0,0,0,29
10,176,341.3737299186091,25,0,0,0,25
10,177,278.7680216006003,26,0,0,0,26
10,178,110.27785762332311,32,0,0,0,32
10,179,0,34,0,0,0,34
10,180,0,34,0,0,0,34
10,181,0,29,0,0,0,29
10,182,350.66739360815507,25,0,0,0,25
10,183,316.75318571604595,28,0,0,0,28
10,184,190.70487965036816,31,0,0,0,31
10,185,0,36,0,0,0,36
10,186,0,33,0,0,0,33
10,187,0,32,0,0,0,32
10,188,292.46064581176586,31,0,0,0,31
10,189,201.4853113334922,31,0,0,0,31
10,190,0,34,0,0,0,34
10,191,0,31,0,0,0,31
10,192,0,29,0,0,0,29
10,193,290.321064388929,28,0,0,0,28
10,194,165.810320208125,30,0,0,0,30
10,195,0,33,0,0,0,33
10,196,0,32,0,0,0,32
10,197,0,27,0,0,0,27
10,198,230.49805861644325,30,0,0,0,30
10,199,46.06815231359397,34,0,0,0,34
10,200,0,32,0,0,0,32
10,201,0,31,0,0,0,31
10,202,0,29,0,0,0,29
10,203,349.64601154497154,29,0,0,0,29
10,204,373.93803463491463,26,0,0,0,26
10,205,322.0046631177264,30,0,0,0,30
10,206,168.75061738691562,34,0,0,0,34
10,207,0,37,0,0,0,37
10,208,0,34,0,0,0,34
10,209,0,30,0,0,0,30
10,210,351.09761116535446,27,0,0,0,27
10,211,334.1956275337691,27,0,0,0,27
10,212,263.48866363136256,31,0,0,0,31
10,213,56.03939392857551,35,0,0,0,35
10,214,0,32,0,0,0,32
10,215,0,27,0,0,0,27
10,216,0,25,0,0,0,25
10,217,308.0801934682801,26,0,0,0,26
10,218,257.1496407232428,29,0,0,0,29
10,219,107.38240545358397,37,0,0,0,37
10,220,0,34,0,0,0,34
10,221,0,28,0,0,0,28
10,222,0,27,0,0,0,27
10,223,353.4007566729255,24,0,0,0,24
10,224,323.29147220441655,23,0,0,0,23
10,225,249.9331335770645,27,0,0,0,27
10,226,66.66778846106472,32,0,0,0,32
10,227,0,34,0,0,0,34
10,228,0,32,0,0,0,32
10,229,0,29,0,0,0,29
10,230,370.52690795298236,26,0,0,0,26
10,231,366.90586821805977,26,0,0,0,26
10,232,331.1537454110304,30,0,0,0,30
10,233,219.29772402551475,30,0,0,0,30
10,234,8.63984322729804,38,0,0,0,38
10,235,0,34,0,0,0,34
10,236,0,31,0,0,0,31
10,237,0,26,0,0,0,26
10,238,396.1666147524374,21,0,0,0,21
10,239,445.06254842606506,23,0,0,0,23
10,240,445.944204324653,25,0,0,0,25
10,241,402.08969394502054,28,0,0,0,28
10,242,289.75979351234855,33,0,0,0,33
10,243,1.665965052660038,40,0,0,0,40
10,244,0,39,0,0,0,39
10,245,0,37,0,0,0,37
10,246,0,31,0,0,0,31
10,247,307.15623527736057,30,0,0,0,30
10,248,210.4283435815479,33,0,0,0,33
10,249,18.78837117460556,36,0,0,0,36