Epoch,Resource,A,B,C,D,E
0,8500,43,42,9,32,118
1,7747.1256702261035,58,51,9,33,142
2,7369.8387567515965,88,74,12,38,199
3,6438.40205292383,127,89,13,39,254
4,5252.412552818488,188,113,17,41,343
5,2104.9534982492414,288,159,19,44,492
6,0,296,155,12,30,484
7,0,235,122,10,24,383
8,0,184,90,8,20,297
9,0,139,71,5,20,229
10,0,110,54,4,16,182
11,0,79,38,4,13,132
12,0,64,27,4,11,103
13,0,44,20,3,9,73
14,0,35,14,1,9,55
15,33.026822515575304,35,12,1,10,53
16,0,27,11,0,10,43
17,0,25,8,0,9,37
18,0,18,7,0,7,28
19,214.02315836411975,19,9,0,7,31
20,19.081054274419053,23,6,0,6,32
21,0,19,4,0,4,26
22,0,18,3,0,4,24
23,0,12,2,0,3,17
24,364.02315836411975,10,0,0,3,13
25,364.08105427441905,12,0,0,4,15
26,289.16789813986804,16,0,0,4,19
27,85.82132230216126,23,0,0,4,26
28,0,23,0,0,3,26
29,0,19,0,0,3,22
30,0,14,0,0,2,17
31,290.0,14,0,0,2,17
32,210.0,18,0,0,2,21
33,0,24,0,0,3,27
34,0,18,0,0,2,21
35,0,14,0,0,1,14
36,365.0,13,0,0,1,13
37,382.5,17,0,0,1,17
38,347.7105766915034,22,0,0,1,22
39,219.48701842026185,27,0,0,1,27
40,0,33,0,0,1,33
41,0,27,0,0,0,27
42,0,23,0,0,0,23
43,287.92115338300675,23,0,0,0,23
44,219.8028834575169,25,0,0,0,25
45,42.625478569282166,30,0,0,0,30
46,0,24,0,0,0,24
47,0,20,0,0,0,20
48,0,15,0,0,0,15
49,455.0,11,0,0,0,11
50,622.5,10,0,0,0,10
51,858.75,10,0,0,0,10
52,1183.125,13,0,0,0,13
53,1627.4581735253305,15,0,0,0,15
54,2263.2299593730913,18,0,0,0,18
55,3169.116964619402,22,0,0,0,22
56,4455.718146014198,26,0,0,0,26
57,6294.844799127453,35,0,0,0,35
58,8921.305452322667,45,0,0,0,45
59,9327.508047421525,58,0,0,0,58
60,9130.930696672858,77,0,0,0,77
61,8844.78440917999,98,0,0,0,98
62,8524.911911965912,128,0,0,0,128
63,8074.089648448267,166,0,0,0,166
64,7498.0875084802565,217,0,0,0,217
65,6725.230768660244,286,0,0,0,286
66,5680.09414674266,369,0,0,0,369
67,2950.32902182411,479,0,0,0,479
68,0,539,0,0,0,539
69,0,438,0,0,0,438
70,0,363,0,0,0,363
71,0,287,0,0,0,287
72,0,212,0,0,0,212
73,0,148,0,0,0,148
74,0,115,0,0,0,115
75,0,86,0,0,0,86
76,0,63,0,0,0,63
77,214.56461896537627,55,0,0,0,55
78,0,51,0,0,0,51
79,0,40,0,0,0,40
80,0,31,0,0,0,31
81,300.8767975657091,29,0,0,0,29
82,266.4640194740379,26,0,0,0,26
83,108.31139637779457,30,0,0,0,30
84,0,29,0,0,0,29
85,0,25,0,0,0,25
86,0,19,0,0,0,19
87,329.3877609397378,19,0,0,0,19
88,306.8589638551761,20,0,0,0,20
89,210.72735529393026,25,0,0,0,25
90,0,28,0,0,0,28
91,0,25,0,0,0,25
92,0,22,0,0,0,22
93,313.5052968858043,22,0,0,0,22
94,235.69685483987254,25,0,0,0,25
95,42.33255661825737,31,0,0,0,31
96,0,24,0,0,0,24
97,0,19,0,0,0,19
98,0,15,0,0,0,15
99,406.2056381851269,11,0,0,0,11
100,467.29321847448034,14,0,0,0,14
101,527.3141504143421,18,0,0,0,18
102,536.7862584013945,21,0,0,0,21
103,470.43513045923305,27,0,0,0,27
104,273.0107356888474,37,0,0,0,37
105,0,42,0,0,0,42
106,0,33,0,0,0,33
107,0,32,0,0,0,32
108,304.0501046720144,28,0,0,0,28
109,227.78684874563277,31,0,0,0,31
110,48.7151389872539,34,0,0,0,34
111,0,27,0,0,0,27
112,0,20,0,0,0,20
113,0,16,0,0,0,16
114,400.3373690349895,16,0,0,0,16
115,467.62254559913686,16,0,0,0,16
116,551.9398719511895,16,0,0,0,16
117,645.1949844909316,17,0,0,0,17
118,685.4150223355342,24,0,0,0,24
119,629.4720096432593,30,0,0,0,30
120,445.739695907248,40,0,0,0,40
121,20.49211512312722,55,0,0,0,55
122,0,48,0,0,0,48
123,0,37,0,0,0,37
124,0,29,0,0,0,29
125,350.5060535524842,24,0,0,0,24
126,392.7204086427906,21,0,0,0,21
127,372.989748807408,22,0,0,0,22
128,260.1864028509036,25,0,0,0,25
129,0,32,0,0,0,32
130,0,29,0,0,0,29
131,0,25,0,0,0,25
132,250.68825885488533,25,0,0,0,25
133,93.34460641628831,27,0,0,0,27
134,0,29,0,0,0,29
135,0,24,0,0,0,24
136,0,17,0,0,0,17
137,317.130012831559,17,0,0,0,17
138,259.6041550905606,21,0,0,0,21
139,90.10801227563277,26,0,0,0,26
140,0,24,0,0,0,24
141,0,22,0,0,0,22
142,0,17,0,0,0,17
143,333.4301238605506,16,0,0,0,16
144,300.19926893045135,20,0,0,0,20
145,183.60090509345204,23,0,0,0,23
146,0,27,0,0,0,27
147,0,24,0,0,0,24
148,0,20,0,0,0,20
149,300.0540831396254,21,0,0,0,21
150,216.7591671281383,22,0,0,0,22
151,8.29910944230059,28,0,0,0,28
152,0,25,0,0,0,25
153,0,21,0,0,0,21
154,0,17,0,0,0,17
155,350.19572608730743,15,0,0,0,15
156,392.09975371243706,15,0,0,0,15
157,388.3588774408693,17,0,0,0,17
158,315.9954815916674,23,0,0,0,23
159,107.63259312026562,31,0,0,0,31
160,0,31,0,0,0,31
161,0,26,0,0,0,26
162,0,20,0,0,0,20
163,384.57732150557285,17,0,0,0,17
164,443.36181937465847,16,0,0,0,16
165,481.98124660946905,19,0,0,0,19
166,507.8502289032767,19,0,0,0,19
167,446.5255801812123,26,0,0,0,26
168,236.6029964597534,35,0,0,0,35
169,0,40,0,0,0,40
170,0,35,0,0,0,35
171,0,30,0,0,0,30
172,249.69255951459476,30,0,0,0,30
173,91.01052179815017,31,0,0,0,31
174,0,29,0,0,0,29
175,0,26,0,0,0,26
176,0,20,0,0,0,20
177,397.3226141417996,15,0,0,0,15
178,460.2408220987507,16,0,0,0,16
179,504.3213273539072,17,0,0,0,17
180,534.8271082854687,20,0,0,0,20
181,463.32315188132117,26,0,0,0,26
182,253.48641920270705,34,0,0,0,34
183,0,43,0,0,0,43
184,0,36,0,0,0,36
185,0,30,0,0,0,30
186,177.11653289622149,28,0,0,0,28
187,0,31,0,0,0,31
188,0,29,0,0,0,29
189,0,25,0,0,0,25
190,294.0102572857539,22,0,0,0,22
191,183.84211401787294,24,0,0,0,24
192,0.9375743730534118,28,0,0,0,28
193,0,21,0,0,0,21
194,0,19,0,0,0,19
195,0,15,0,0,0,15
196,379.8254531313898,13,0,0,0,13
197,466.17407132264304,12,0,0,0,12
198,561.1239079071797,14,0,0,0,14
199,600.1397181421316,17,0,0,0,17
200,606.4183885899522,23,0,0,0,23
201,512.2722858872414,31,0,0,0,31
202,231.71888277497175,41,0,0,0,41
203,0,47,0,0,0,47
204,0,39,0,0,0,39
205,0,33,0,0,0,33
206,186.1820161301854,33,0,0,0,33
207,0,32,0,0,0,32
208,0,28,0,0,0,28
209,0,25,0,0,0,25
210,340.92965370113893,20,0,0,0,20
211,265.52562810516235,21,0,0,0,21
212,46.77170883909628,28,0,0,0,28
213,0,29,0,0,0,29
214,0,22,0,0,0,22
215,0,17,0,0,0,17
216,429.96709607907184,13,0,0,0,13
217,523.8893747337564,12,0,0,0,12
218,648.1623542216148,14,0,0,0,14
219,728.9239425813014,17,0,0,0,17
220,796.6438596940718,23,0,0,0,23
221,793.7729044725445,29,0,0,0,29
222,682.6215407867342,41,0,0,0,41
223,304.5987335138163,52,0,0,0,52
224,0,60,0,0,0,60
225,0,52,0,0,0,52
226,0,41,0,0,0,41
227,222.26248427912373,37,0,0,0,37
228,0,38,0,0,0,38
229,0,32,0,0,0,32
230,0,26,0,0,0,26
231,238.8729227732921,28,0,0,0,28
232,28.346452993720426,30,0,0,0,30
233,0,28,0,0,0,28
234,0,21,0,0,0,21
235,0,17,0,0,0,17
236,358.7371421767255,16,0,0,0,16
237,396.84285544181387,17,0,0,0,17
238,436.19393686386,17,0,0,0,17
239,406.18311661899645,21,0,0,0,21
240,254.3219553981816,28,0,0,0,28
241,0,34,0,0,0,34
242,0,33,0,0,0,33
243,0,27,0,0,0,27
244,215.0801843906147,27,0,0,0,27
245,0,31,0,0,0,31
246,0,29,0,0,0,29
247,0,25,0,0,0,25
248,286.310138292961,26,0,0,0,26
249,197.967857256816,28,0,0,0,28