Exp Num,Epoch,Resource,A,B,C,D,E,ALL
0,0,3500,17,23,7,31,22,100
0,1,2935.0,17,23,7,31,22,100
0,2,2768.75,17,23,7,31,22,100
0,3,2800.9375,17,23,7,31,22,100
0,4,2976.171875,17,23,7,31,22,100
0,5,3105.21484375,17,23,7,30,22,99
0,6,3266.5185546875,17,23,7,30,22,99
0,7,3558.148193359375,17,23,7,30,22,99
0,8,3862.6852416992188,16,24,7,31,21,99
0,9,4018.3565521240234,16,25,6,31,20,98
0,10,4122.945690155029,17,27,9,31,23,107
0,11,3923.6821126937866,19,26,10,29,23,107
0,12,3644.6026408672333,22,28,9,31,26,116
0,13,3250.7533010840416,22,31,9,32,26,120
0,14,3193.441626355052,24,33,10,31,26,124
0,15,3376.802032943815,15,25,9,20,13,82
0,16,3411.0025411797687,10,21,7,16,9,63
0,17,3513.753176474711,11,17,9,15,7,59
0,18,3582.1914705933887,11,17,11,17,8,64
0,19,3577.739338241736,12,18,13,18,9,70
0,20,3467.17417280217,14,21,15,19,9,78
0,21,3208.967716002712,15,23,16,23,12,89
0,22,2721.2096450033905,18,26,21,24,13,102
0,23,2531.512056254238,20,27,22,26,15,110
0,24,2594.3900703177974,23,25,21,25,16,110
0,25,2672.9875878972466,23,25,21,23,15,107
0,26,2906.2344848715584,24,25,21,23,14,107
0,27,3302.793106089448,23,24,20,22,12,101
0,28,3723.49138261181,21,23,19,21,11,95
0,29,3979.3642282647625,20,21,18,21,11,91
0,30,4269.205285330953,18,18,19,20,10,85
0,31,4571.506606663692,17,17,20,18,11,83
0,32,4814.383258329615,18,19,19,17,11,84
0,33,5087.97907291202,20,21,16,15,12,84
0,34,5354.973841140025,18,20,15,15,12,80
0,35,5613.717301425031,20,21,16,12,12,81
0,36,5937.146626781288,22,20,13,12,14,81
0,37,6371.43328347661,21,19,12,10,16,78
0,38,6854.291604345763,22,19,13,12,16,82
0,39,7442.864505432204,25,21,14,11,13,84
0,40,8103.580631790255,27,22,15,12,12,88
0,41,8725,26,24,17,16,13,96
0,42,8650,27,25,16,15,15,98
0,43,8575,29,30,16,15,20,110
0,44,8365,30,34,18,16,23,121
0,45,8215,34,40,22,19,24,139
0,46,7990,37,40,22,19,28,146
0,47,7827.5,42,45,27,24,30,168
0,48,7324.375,45,52,29,24,30,180
0,49,6560.46875,47,58,37,23,34,199