Exp Num,batch,Epoch,Resource,A,B,C,D,E,Median,Below,Above,Mean,STD
0,1,0,3500,14,28,14,22,22,0.5338779590053826,0.3702361078117677,0.6606410672709682,0.5181934018545974,0.2833135911594766
0,1,1,2965.0,14,28,14,22,22,0.5338779590053826,0.3702361078117677,0.6606410672709682,0.5181934018545973,0.2833135911594766
0,1,2,2596.25,14,28,14,22,22,0.5338779590053826,0.3702361078117677,0.6606410672709682,0.5181934018545973,0.2833135911594765
0,1,3,2660.3125,14,28,14,22,22,0.5338779590053826,0.3702361078117677,0.6606410672709682,0.5181934018545972,0.2833135911594765
0,1,4,2875.390625,14,28,14,22,22,0.5338779590053826,0.3702361078117677,0.6606410672709682,0.5181934018545973,0.2833135911594765
0,1,5,3159.23828125,14,27,12,22,22,0.5381426559472344,0.3647174861811331,0.6646377150177969,0.5213645845127267,0.286300347449509
0,1,6,3649.0478515625,14,27,12,22,22,0.5381426559472344,0.3647174861811331,0.6646377150177969,0.5213645845127267,0.286300347449509
0,1,7,4096.309814453125,14,27,12,22,22,0.5381426559472344,0.3647174861811331,0.6646377150177969,0.5213645845127268,0.286300347449509
0,1,8,4460.387268066406,15,27,11,21,21,0.5334344435386973,0.34931626841668906,0.6606410672709682,0.5120994554549859,0.29010272351640864
0,1,9,4825.484085083008,15,26,12,21,21,0.5381426559472344,0.34931626841668906,0.6606410672709682,0.5142461813905075,0.2899218259123217
0,1,10,5251.85510635376,18,27,12,21,22,0.5208703330266335,0.346027211379461,0.6593540969029275,0.5050998154203057,0.29136995676530353
0,1,11,5694.8188829422,18,26,10,18,20,0.4792384867422158,0.3108253370907381,0.6508886576800226,0.49494623129886856,0.296106090477363
0,1,12,6068.52360367775,18,27,10,19,25,0.5381426559472344,0.3298281496511599,0.6700079115391487,0.515511575851153,0.2992961984618766
0,1,13,6325.654504597187,19,28,11,19,26,0.5083062225145699,0.32397710466864754,0.6677255030310162,0.5129955682350407,0.30021434054400314
0,1,14,6542.068130746484,21,29,12,23,28,0.5381426559472344,0.342328118065725,0.6810346291163824,0.5123931560213473,0.2996552273063729
0,1,15,7067.585163433105,14,18,7,18,21,0.6063969814727845,0.3623835018251038,0.7031883911747476,0.5298843584981143,0.30151726112766625
0,1,16,7979.481454291381,10,16,8,10,17,0.45669755730526873,0.3511972645585395,0.6780232395638627,0.514335534308592,0.298318409221462
0,1,17,9224.351817864226,10,12,6,10,15,0.46788318500521336,0.3623835018251038,0.7035165325869466,0.5129814914865749,0.3041184360047857
0,1,18,9295,12,11,8,8,13,0.4534387360866245,0.33587580193119876,0.6053714907164226,0.47932398638164503,0.30371439825039565
0,1,19,9220,14,13,8,8,15,0.449817070763586,0.3239771046686475,0.5955931038071056,0.4750957120188727,0.3099586883003055
0,1,20,9130,15,16,9,9,16,0.4494542266591918,0.3222927158243235,0.5883358426264368,0.46793738514320443,0.3056753402292665
0,1,21,9025,16,19,12,13,16,0.4521947790774907,0.3511972645585395,0.5867571308090965,0.4721701008629501,0.2916885652189762
0,1,22,8860,17,24,13,13,20,0.45017991486798026,0.34152838527904994,0.5744940318483293,0.475430048652574,0.29355404998447565
0,1,23,8695,21,25,15,17,22,0.4521947790774907,0.34770413988093873,0.5883358426264368,0.47341904690858067,0.30028190440965913
0,1,24,8515,25,25,16,21,24,0.45669755730526873,0.3485804161362812,0.6151498776257396,0.47365861476355514,0.3047737930227275
0,1,25,8380,28,25,19,23,27,0.4590329124701672,0.3522151258186738,0.6271993576954994,0.4803575870983283,0.3049692090800355
0,1,26,8185,31,27,22,24,32,0.4640023990339487,0.35374191770887525,0.6352323444086728,0.48340814584093794,0.3092879868308297
0,1,27,8005,32,29,26,29,36,0.4804867328066442,0.3926665635608367,0.6321259363717902,0.4947165290990908,0.30741587705630335
0,1,28,7825,34,30,30,31,35,0.47756312253310074,0.3987903672124138,0.6120085430052723,0.4876934605530744,0.3066164719374983
0,1,29,7501.25,35,32,34,35,38,0.4933422888302361,0.42320962944685536,0.6250030349783209,0.4934430376604963,0.30391034082159507
0,1,30,6826.5625,37,37,37,35,42,0.48084066066293946,0.41158374956365473,0.6109614314651166,0.4898430706647392,0.30601706788237043
0,1,31,5863.203125,40,41,41,37,43,0.4804867328066442,0.39950831291210775,0.579671797049944,0.4871073597282651,0.30623745409624975
0,1,32,5334.00390625,47,41,45,38,42,0.4748002544851461,0.3800492825113395,0.5652393165262647,0.4729062441330358,0.30797717391608187
0,1,33,5332.5048828125,50,44,44,38,40,0.45607692758232576,0.35374191770887525,0.5400734525214779,0.4621315766728471,0.3065852032244797
0,1,34,5510.631103515625,51,47,45,39,40,0.4495861250006933,0.3536186467958451,0.5393855797553724,0.4585369577569316,0.3057764602900928
0,1,35,5973.288879394531,51,46,45,39,39,0.4492062423961052,0.3536597371001885,0.5361460160958693,0.45671446257408843,0.3062064464717949
0,1,36,6671.611099243164,51,43,45,39,37,0.4494293101407277,0.3571979147215943,0.5361460160958693,0.4540658931396718,0.3066892198984592
0,1,37,7694.513874053955,51,41,44,36,38,0.4492062423961052,0.35222123997671617,0.5361460160958692,0.45317429798701764,0.31061849815575626
0,1,38,8703.142342567444,52,39,44,35,34,0.4382165856063712,0.34891401304123554,0.5063186936188904,0.442333050109545,0.3095753470156305
0,1,39,8575,52,39,43,31,33,0.4330838159431435,0.33754468611219207,0.49377102571032405,0.43490812001481033,0.3102039981022255
0,1,40,8380,49,38,44,27,31,0.42931611456959734,0.33273699627382514,0.4891713599029818,0.43081503081306094,0.30586443155340226
0,1,41,8260,47,37,42,27,32,0.43747544354959117,0.3439185846888015,0.49577890452648443,0.4366554201171888,0.30913625541513057
0,1,42,8005,50,38,41,27,28,0.42417532511565714,0.33273699627382514,0.4843408955799795,0.42190829252556006,0.30797760129729146
0,1,43,7825,49,39,44,25,26,0.41896967545505015,0.3317268005509158,0.47841893793818246,0.416703199159633,0.3033278344445301
0,1,44,7531.25,49,35,44,25,26,0.4212371070653562,0.3322292312300864,0.4773392151768767,0.41881412236087096,0.3065327884319128
0,1,45,7104.0625,48,35,41,25,23,0.4118491590797069,0.3283786441189342,0.4607295485330911,0.41088812652623835,0.3014569208518716
0,1,46,6615.078125,45,37,46,20,22,0.407158215211624,0.3343794612997318,0.44979421792079266,0.4114670035619616,0.29484258440496913
0,1,47,6018.84765625,46,34,45,19,21,0.41491337753226887,0.3406806867363212,0.47153077259950793,0.4090400684694648,0.29877241989527514
0,1,48,5288.5595703125,45,39,47,18,19,0.3967039535494805,0.32883661945945636,0.45198006515417705,0.40206453063034736,0.2880473252332482
0,1,49,4510.699462890625,44,41,49,16,18,0.3916577143389146,0.32883661945945636,0.4471253684088982,0.3955474006203683,0.28256555148132556
0,1,50,4213.374328613281,50,40,49,15,17,0.3767484555319689,0.31505200134328526,0.438105876294852,0.37937124090537516,0.28324059405077967
0,1,51,4231.717910766602,48,42,50,14,16,0.3739212234978062,0.31515734390748734,0.4373598034825158,0.3774524419411596,0.27836830604569257
0,1,52,4389.647388458252,49,42,49,14,16,0.37152906482133785,0.30244130022789656,0.4373598034825158,0.3740066439225856,0.279428223990941
0,1,53,4812.059235572815,53,41,48,14,15,0.3682273237672161,0.28029254578488844,0.42677239804838896,0.36240499635542345,0.28040253798729603
0,1,54,5385.074044466019,49,43,47,14,15,0.36881893716397374,0.2928268079402291,0.42715392236753297,0.36884106147288653,0.27817076670883806
0,1,55,6251.342555582523,48,42,46,14,16,0.3696738650746104,0.29784491191820817,0.4368624216076251,0.374394087023361,0.2802261782607006
0,1,56,7019.178194478154,49,41,44,13,16,0.3694105505607313,0.2847755863867744,0.42715392236753297,0.3691168117828084,0.28176159445117793
0,1,57,7678.972743097693,45,39,42,13,15,0.37152906482133785,0.28141330593535996,0.42658174537192545,0.37228551664767406,0.27971901265745414
0,1,58,8443.715928872116,47,34,41,13,13,0.36588482039774195,0.2775619848660767,0.42600978734253503,0.36290374330152186,0.28328385824472724
0,1,59,8650,49,37,40,11,14,0.35100987103444425,0.2767885830370566,0.4238153292356993,0.3585482917416982,0.28534214341105596
0,1,60,8380,47,38,41,11,12,0.35100987103444425,0.2780831776726309,0.42076748703499406,0.35681066619154506,0.273573671543151
0,1,61,8290,45,42,37,8,11,0.3352859882244875,0.25096685201745855,0.3904204838909337,0.3476746616909731,0.2714911500889484
0,1,62,8260,47,39,31,9,7,0.2945594232909749,0.23580665938963788,0.3695051420019545,0.32245376045549057,0.2600512151953405
0,1,63,8245,50,40,26,9,8,0.2793945470698275,0.21490439763773345,0.34188422214530484,0.31263913585700515,0.26724781202335524
0,1,64,8200,52,37,24,10,7,0.26650479617314216,0.1958254562437744,0.33803401937337696,0.3045769843746132,0.2655503130749817
0,1,65,8275,50,37,23,11,5,0.25540755867447784,0.2036238069595465,0.3353761232484981,0.3025130079117353,0.25669537348449484
0,1,66,8260,51,38,23,11,5,0.2539667082975585,0.2017500391034103,0.3350124613517055,0.30064085986124195,0.2547323083786964
0,1,67,8215,56,41,24,9,5,0.2510311129724884,0.17856407482435724,0.32723331267529854,0.28594327132078406,0.24765902853615307
0,1,68,8110,59,42,23,8,6,0.2449831261991736,0.1809961938204054,0.3176820925145604,0.2838246110408067,0.24759842304697052
0,1,69,8050,62,46,23,9,8,0.2511449684873535,0.19294798744869993,0.32634953551723966,0.29697402806631656,0.2559322891480807
0,1,70,7810,69,50,26,11,10,0.2540805638124236,0.19420579027572113,0.3334313886812523,0.3003563732116962,0.2582746842562597
0,1,71,7332.5,74,55,29,13,9,0.2583431539995479,0.19423529671760764,0.33403646506215534,0.29994617085171515,0.252558773369677
0,1,72,6525.625,79,60,33,16,13,0.28146849139295416,0.20781514484019614,0.33960280992301994,0.31607080933025705,0.26327697139435463
0,1,73,5532.03125,85,65,36,17,14,0.28666794789114547,0.21694964068528333,0.3406258862499404,0.3174116061799062,0.26347052410452965
0,1,74,5205.0390625,93,67,40,17,16,0.2832838505761482,0.20174472495422646,0.33845996541611184,0.3149784572831858,0.2636443399445047
0,1,75,5171.298828125,99,64,39,17,15,0.2675635974796741,0.18453589068738463,0.3359509993047981,0.30519842957897597,0.2614420256095305
0,1,76,5324.12353515625,98,66,37,16,15,0.25760796019227405,0.18538111205069221,0.3281170898333575,0.3011481623360485,0.259655057438695
0,1,77,5665.1544189453125,94,67,38,16,15,0.26133742616878775,0.19428347583173355,0.33130334196218625,0.305428576021698,0.2586052837857992
0,1,78,6151.443023681641,99,65,36,16,15,0.2533871850674646,0.1784325152017626,0.3146478010368707,0.2978804523453659,0.26052224042357364
0,1,79,6864.303779602051,97,64,36,15,13,0.2533871850674646,0.1751468258433451,0.31392832686771355,0.2929452478898981,0.256421106526085
0,1,80,7770.3797245025635,93,61,35,13,13,0.2533871850674646,0.18009608087572154,0.3150831510434845,0.29318827916060236,0.25602207182131015
0,1,81,8872.974655628204,90,57,35,13,13,0.2533779156527516,0.18065060276704117,0.31486547604017756,0.2964401500542896,0.2585473676603271
0,1,82,8590,84,52,33,10,12,0.2523138590237045,0.1812051246583608,0.3134486774216088,0.29099730362562226,0.2531904458349451
0,1,83,8350,82,48,29,10,12,0.2419007679465769,0.16825725285666546,0.3134486774216088,0.28997940169431496,0.25657379192880586
0,1,84,8290,77,46,31,11,11,0.24214427613621037,0.1784325152017626,0.3323784423204177,0.2965256883986088,0.25549475650108233
0,1,85,8050,69,46,32,11,10,0.2805063991881512,0.19570740988390595,0.35062731257327107,0.30665018999417776,0.2523666849624255
0,1,86,8080,66,45,31,10,7,0.2795443069833482,0.19458119517776734,0.3406812005655202,0.295533705745112,0.24074934051866706
0,1,87,8035,67,43,29,7,7,0.2583136167619195,0.18065060276704117,0.33449226437230206,0.28304223327135,0.23731941386899658
0,1,88,8020,63,43,29,5,7,0.26589645786448896,0.18200899826886457,0.3332840412106348,0.28484844961214745,0.2344788977878938
0,1,89,8035,64,44,27,5,5,0.2524063735280279,0.1768651340354067,0.328364264249261,0.27030892436502013,0.22145615602233037
0,1,90,8020,64,42,30,6,3,0.2524063735280279,0.1768651340354067,0.3323890417032842,0.2683684504392135,0.21397430432947032
0,1,91,7990,69,45,32,5,1,0.21835285056695242,0.1634808000459907,0.31778446723298914,0.2577392740738219,0.20019187874239663
0,1,92,7857.5,70,45,33,6,2,0.2363799123947241,0.17451406228587282,0.32705510000564436,0.26613607452138494,0.20566682562564903
0,1,93,7586.875,74,53,33,6,2,0.24042101253186257,0.17751904997185808,0.32596153642925424,0.26635240257400583,0.19939315219419876
0,1,94,7068.59375,79,60,35,6,3,0.2572334513228699,0.17840007154008095,0.32596153642925424,0.26746082102195756,0.20199459995791758
0,1,95,6165.7421875,88,63,37,7,3,0.23892931494033395,0.16435552674631548,0.3205613283591855,0.2619594637045508,0.20280397239928508
0,1,96,5322.177734375,92,70,40,7,5,0.26312771353635994,0.17898703709308222,0.32554830790544925,0.27218101412864215,0.20951149119274576
0,1,97,4912.72216796875,99,72,42,7,5,0.2572334513228699,0.1767678030503618,0.32060663643058196,0.26823414458716915,0.20764676233460733
0,1,98,4610.9027099609375,100,73,42,7,5,0.2524063735280279,0.1686813589722359,0.3189717574660799,0.26652454657658775,0.20630817149840483
0,1,99,4578.628387451172,101,74,40,7,5,0.2430355519282145,0.1693246554804153,0.3112620588930417,0.26400879719589193,0.20535017318600493
1,2,0,3500,11,25,16,28,20,0.5708516439516639,0.43312492353229626,0.6752674914325711,0.5387514869670271,0.26800310198218436
1,2,1,2965.0,11,25,16,28,20,0.5708516439516639,0.43312492353229626,0.6752674914325711,0.5387514869670271,0.26800310198218436
1,2,2,2791.25,11,25,16,28,20,0.5708516439516639,0.43312492353229626,0.6752674914325711,0.5387514869670271,0.26800310198218436
1,2,3,2799.0625,11,25,16,28,20,0.5708516439516639,0.43312492353229626,0.6752674914325711,0.5387514869670271,0.26800310198218436
1,2,4,2928.828125,11,25,16,28,20,0.5708516439516639,0.43312492353229626,0.6752674914325711,0.5387514869670271,0.26800310198218436
1,2,5,3031.03515625,11,24,16,28,20,0.5906491001709078,0.43512222540181245,0.6754856493106596,0.5412425962520827,0.26819882898556147
1,2,6,3263.7939453125,11,24,16,28,20,0.5906491001709078,0.43512222540181245,0.6754856493106596,0.5412425962520827,0.26819882898556147
1,2,7,3584.742431640625,11,24,16,28,20,0.5906491001709078,0.43512222540181245,0.6754856493106596,0.5412425962520827,0.2681988289855614
1,2,8,3805.9280395507812,13,21,16,24,22,0.5708516439516639,0.43503619163447776,0.6769348672870314,0.5428453490760954,0.2830497933585825
1,2,9,3902.4100494384766,13,20,16,23,23,0.5906491001709078,0.43529429293648186,0.6772518729855177,0.5474591233035431,0.28663350377852626
1,2,10,3918.0125617980957,15,21,17,27,24,0.5916322065373343,0.4368010331047965,0.677568878684004,0.5481467754623497,0.28558372596596154
1,2,11,3742.5157022476196,17,21,16,25,24,0.55105418773242,0.4220182701307533,0.6778170531753925,0.5374270320183139,0.29419405304185986
1,2,12,3373.1446278095245,17,22,18,27,27,0.5906491001709078,0.42877462821747336,0.6781757397439743,0.5476149236562027,0.29289799024317287
1,2,13,3106.4307847619057,18,24,19,28,28,0.55105418773242,0.4185770987909817,0.6779963964596833,0.5428019839078411,0.2960969517521089
1,2,14,3103.038480952382,21,25,19,28,30,0.5372520108632719,0.41258633355223123,0.6778170531753924,0.5354466044676397,0.29966812340761406
1,2,15,3248.7981011904776,19,16,10,17,20,0.43773872934726754,0.34883511984435855,0.6774103758347608,0.5078819932129465,0.3175351737122512
1,2,16,3265.997626488097,19,12,7,14,14,0.40674434396535375,0.27732958786231854,0.6591479046354106,0.47642602396050227,0.32837348692178303
1,2,17,3377.4970331101213,15,9,8,12,13,0.42877462821747336,0.3488351198443588,0.6873113073386969,0.5036848514368665,0.33081246646795
1,2,18,3531.8712913876516,16,10,7,9,14,0.40674434396535375,0.2911246678090195,0.6416937480545617,0.48668279848375334,0.3393508676461874
1,2,19,3664.8391142345645,15,12,7,10,17,0.42877462821747336,0.31669147744428516,0.6785027803646544,0.5073606279090456,0.33687402567824426
1,2,20,3741.0488927932056,18,12,9,10,18,0.42877462821747336,0.30699778573271963,0.652166242003071,0.4960960275536654,0.34000104872604353
1,2,21,3716.311115991507,21,15,11,11,21,0.42877462821747336,0.3095278510448366,0.6284207256678213,0.49186980586897827,0.33959075670245537
1,2,22,3475.3888949893835,22,18,14,11,23,0.4201379969706923,0.3244084836597506,0.5781367521991592,0.4926708519809001,0.33436473899698416
1,2,23,3024.2361187367296,25,22,14,14,27,0.4201379969706923,0.3221802026972588,0.6207639354376784,0.49435537008588554,0.3357053449483369
1,2,24,2700.295148420912,26,21,15,14,26,0.41055683436818124,0.3221802026972588,0.5837529843557565,0.48861481739064,0.3347506143962718
1,2,25,2655.36893552614,26,24,15,14,24,0.4019873222067962,0.3188651069712729,0.5486609227803605,0.47348843662679146,0.327538266440467
1,2,26,2794.211169407675,26,25,15,13,24,0.4001842968895397,0.3149005708444231,0.5444611744163479,0.46897678322524944,0.32810428182687656
1,2,27,2997.7639617595933,26,25,13,12,24,0.38572337869754225,0.3122995193388401,0.5453692805523214,0.4665551680838496,0.3307643071332859
1,2,28,3267.2049521994913,28,25,13,11,23,0.3711970426070017,0.2981175450974332,0.5217857275503748,0.45411038403136295,0.3303190888242709
1,2,29,3679.0061902493644,30,25,12,8,22,0.335730909312687,0.2756891000837992,0.4140241202325762,0.4321256905465838,0.33089684042338213
1,2,30,4013.7577378117057,30,24,14,6,21,0.326337735213617,0.27439716688502763,0.41036792809703526,0.42279475755877494,0.3284800570154342
1,2,31,4237.197172264632,27,23,14,6,20,0.3454925940738485,0.2921933233567862,0.4362683039207175,0.43398978327302273,0.3277766476698337
1,2,32,4501.496465330791,24,23,15,7,19,0.3583318580016474,0.2993264348445546,0.4681961050352275,0.44219447445555127,0.320059050625854
1,2,33,4741.870581663488,24,24,19,7,20,0.38572337869754225,0.30197564856233566,0.4893256980079509,0.4473753015122637,0.31750736675635993
1,2,34,4862.338227079361,24,26,18,7,20,0.36068759962110086,0.29385682966909377,0.4809294617035146,0.44649212542620026,0.318964111224074
1,2,35,4937.922783849201,27,28,19,8,17,0.3385084875508601,0.2761340844122226,0.442855288845281,0.4187718928800408,0.30669962816767704
1,2,36,4897.403479811501,29,28,18,7,18,0.3371196984317736,0.27532109114262776,0.42159663570321065,0.41157769895356955,0.3133417911485284
1,2,37,4831.7543497643765,32,25,18,8,16,0.326337735213617,0.26321442439691767,0.41337927852108514,0.39964821220341756,0.31328974323217235
1,2,38,4644.692937205471,35,29,19,8,13,0.29640610672335943,0.25920188697575774,0.38218241112421414,0.370698950711709,0.2949891228235365
1,2,39,4410.866171506839,35,30,20,6,11,0.28514880155360783,0.23878406045304312,0.35919037724270775,0.35327027857318627,0.28194018185845804
1,2,40,4163.582714383549,35,28,21,6,9,0.2774509919496913,0.2373692944902214,0.3566064907070965,0.34596140362784406,0.2790045706670984
1,2,41,3794.4783929794357,38,30,21,8,9,0.2773817954250375,0.22681488008074382,0.34771226492625795,0.3453219043200138,0.27642194074787574
1,2,42,3213.0979912242947,42,28,24,9,10,0.2774509919496913,0.22586320012468733,0.3805449005523545,0.3519176002363378,0.2833822203182205
1,2,43,2816.3724890303683,46,32,26,9,11,0.28484771763074845,0.2230081602565178,0.3753881596910779,0.3452369451570655,0.28226401841247767
1,2,44,2710.46561128796,47,33,27,9,11,0.2758048575278554,0.22265019467331226,0.353251632175574,0.3400265683792107,0.2813155238077022
1,2,45,2698.0820141099503,45,35,28,9,11,0.277205178306436,0.22723144515947763,0.36155544767910813,0.34439927462317227,0.27865781962472874
1,2,46,2787.602517637438,45,36,28,9,11,0.2770977577124882,0.22881107815329496,0.35509808792534603,0.3430415035523017,0.2780973522112664
1,2,47,2989.5031470467975,46,38,27,9,11,0.2745371880721808,0.22681488008074382,0.3385084875508601,0.33697980682992307,0.2769500012924437
1,2,48,3331.878933808497,48,39,24,9,10,0.2567439824305886,0.22294705185973773,0.3038397115923742,0.32368282969796086,0.2743123294153899
1,2,49,3759.8486672606214,48,37,22,8,9,0.2491167213210001,0.22160403755347133,0.29730617216152005,0.3148812985616897,0.2707809370196846
1,2,50,4264.810834075777,47,36,20,8,8,0.25104895070169647,0.22160403755347133,0.29730617216152005,0.3077092376502707,0.2684919993383617
1,2,51,4866.013542594721,48,31,17,8,8,0.2345983007875611,0.18411326857931673,0.2862717055472368,0.3001246819611137,0.2747939197267171
1,2,52,5332.516928243402,48,31,17,7,6,0.22733558642916107,0.16954394029823255,0.27497708123397,0.28314196915317286,0.2607503070501432
1,2,53,5780.646160304252,49,32,15,6,5,0.22500660071245646,0.16605416222949226,0.25318260303063694,0.265704566410946,0.2513970896098956
1,2,54,6265.807700380315,44,28,16,5,5,0.225715887456986,0.16695496111990904,0.25813247407124146,0.27641683255514193,0.2523495623252174
1,2,55,6812.2596254753935,45,27,13,4,4,0.22204665988650418,0.16558954816391008,0.24795738369258224,0.2578730791607055,0.23977518675201318
1,2,56,7465.324531844242,42,25,9,3,4,0.19555696921448024,0.15522478223300393,0.23465813140233166,0.24538298968315744,0.24246989897655713
1,2,57,8311.655664805303,41,23,9,2,3,0.18537001746544485,0.13310756808727603,0.22660725664704465,0.22754156300658784,0.2291406194846744
1,2,58,9010,41,21,9,1,2,0.164979841979231,0.11856608421181937,0.22471343381648293,0.20489341102297523,0.20734312034470193
1,2,59,9100,38,20,6,1,2,0.15107384368868548,0.1043793219363498,0.22442026692050937,0.1976863020819264,0.20803808113331715
1,2,60,9130,39,19,5,1,1,0.13344918081690482,0.09309316424575766,0.20593153431677336,0.1779263965167992,0.18486659458341287
1,2,61,9070,44,18,6,1,0,0.11760594281730846,0.08689971576393499,0.17464779787868634,0.16347341047044336,0.15988405365802236
1,2,62,9025,47,18,7,1,0,0.11760594281730846,0.08213016484099368,0.17633613882737198,0.16332336711459902,0.16104476019235153
1,2,63,8980,49,18,8,1,0,0.1200062963035857,0.08678814773701307,0.1790862730348039,0.1680815876481894,0.16256176285190693
1,2,64,8905,52,19,8,3,0,0.12954292849153826,0.08803824306948123,0.18832858469442798,0.18235324110029877,0.17771761491202545
1,2,65,8785,58,20,10,4,0,0.1355017327702925,0.0922158215845005,0.18832858469442798,0.186861706088548,0.18190505568222085
1,2,66,8665,61,22,13,4,0,0.1583882877305266,0.11341281502488221,0.19569121016972446,0.19705040247857453,0.18022366190653694
1,2,67,8545,68,22,14,4,0,0.14967371139073393,0.11164746872412704,0.19234685833638998,0.19394867654922998,0.17831112534465843
1,2,68,8425,77,25,14,5,0,0.1400556865939781,0.11183847136290881,0.18994757983374197,0.19059852544688904,0.176451276675354
1,2,69,8215,83,29,15,6,0,0.1400556865939781,0.11024662491733861,0.19234685833638998,0.19288676980900424,0.18234152107593798
1,2,70,8050,93,32,16,6,1,0.13990493319830427,0.11024662491733861,0.19330046532687206,0.1936297241849716,0.18557269472986346
1,2,71,7885,98,33,17,7,1,0.13749318499123978,0.11088345816899996,0.1931537862067944,0.1945517463641027,0.1876926849974775
1,2,72,7606.25,106,38,18,8,1,0.1397541798026304,0.11088345816899996,0.1931537862067944,0.1996162863334357,0.19084977910128012
1,2,73,7002.8125,119,39,18,8,1,0.13608422353705646,0.10002300794307142,0.18591625343124174,0.1906141399561363,0.18511656398319393
1,2,74,6083.515625,128,45,22,8,1,0.14186224217435173,0.10564880668706024,0.19295205423919332,0.19697575839352346,0.18533065377746413
1,2,75,5054.39453125,139,49,24,9,1,0.14505013481189094,0.10620579660966856,0.1927503222715922,0.19686509596309315,0.185244396777544
1,2,76,4412.9931640625,141,52,25,10,1,0.15095885754638166,0.10515097492005203,0.19570111796434073,0.19837688226108213,0.18667507948132156
1,2,77,3971.241455078125,145,51,27,10,1,0.14633223870144463,0.10267844695798503,0.1947256790905092,0.19675355944144401,0.1877034655826382
1,2,78,3494.0518188476562,143,53,27,10,1,0.14633223870144463,0.10267844695798503,0.19672937899232043,0.19781255380446497,0.18897686028495086
1,2,79,3122.5647735595703,147,52,26,11,1,0.14612996507770884,0.10418272852954735,0.19359382356702737,0.1974620192852912,0.18911018461951484
1,2,80,2943.205966949463,149,49,25,9,1,0.1397541798026304,0.10238674945840029,0.18590817270834936,0.1900439414462285,0.18425913111155337
1,2,81,2794.0074586868286,147,50,24,9,1,0.14397030454607304,0.10208860313055389,0.18594049559991885,0.19109155326031096,0.18373728134882847
1,2,82,2697.5093233585358,147,48,21,8,1,0.13186287157257412,0.08302580662269371,0.18113349192202108,0.18200020423430335,0.18092846827654335
1,2,83,2681.8866541981697,145,45,19,8,1,0.13043770985320402,0.0822329336378232,0.17822860365027615,0.1799701622225667,0.1807863245936994
1,2,84,2632.358317747712,135,41,16,8,1,0.13001781508712743,0.08217110938885355,0.17528219750558802,0.17878512095186205,0.18375253439806996
1,2,85,2735.44789718464,124,39,15,8,1,0.13440140999884934,0.08207617560747663,0.18053810859994207,0.18088239011221993,0.18692629293491664
1,2,86,2774.3098714808,115,36,14,6,0,0.13186287157257412,0.08201288641989199,0.1801240344966926,0.17422306266506332,0.17479105580695306
1,2,87,2897.8873393510003,105,34,10,5,0,0.13262950730906498,0.07647687988066335,0.1749756393473429,0.1683587631851711,0.167519983285363
1,2,88,3037.3591741887503,89,28,9,5,0,0.1286705799063938,0.07287356553406546,0.16404535123737218,0.16853578149796225,0.1713450619602973
1,2,89,3436.698967735938,80,22,7,4,0,0.10880631588055337,0.06987057296766712,0.15870667988695022,0.15722795009929738,0.16576333262449125
1,2,90,3830.8737096699224,71,20,5,3,0,0.10521013307565213,0.06849859552003801,0.158282470375654,0.15102313015000923,0.15817567433843072
1,2,91,4233.592137087403,63,16,4,2,0,0.09139883280469611,0.05993294098806859,0.1493078414720408,0.138437734306278,0.14975024960166558
1,2,92,4676.9901713592535,56,13,3,2,0,0.07861594480937711,0.05562916636027105,0.14228804416630988,0.13473534184122443,0.15395044536401728
1,2,93,5291.237714199067,49,8,3,2,0,0.08528568731701056,0.058065478795193526,0.1403163856244448,0.13600834533643671,0.15893554403828267
1,2,94,6059.047142748834,47,6,3,2,0,0.07861594480937711,0.056144097735800376,0.11392533470421246,0.1353714104382612,0.1641953611426708
1,2,95,7048.808928436042,43,5,1,1,0,0.0715472961038887,0.04855802235596768,0.09181396660147012,0.1134117760563585,0.13745060313112314
1,2,96,8241.011160545053,37,5,1,1,0,0.07861594480937711,0.05018420055882271,0.0919053352189774,0.11878633365331503,0.1433426319002251
1,2,97,9505,35,3,1,0,0,0.06804126970416163,0.029027991408445024,0.09165784494810948,0.09678825777508804,0.10565124233012607
1,2,98,9550,30,3,2,0,0,0.07331463499725095,0.03863341519491978,0.0915283388764028,0.11189323501537765,0.12581309069131247
1,2,99,9610,26,2,2,0,0,0.08085372125806681,0.04446949992720449,0.12065169928532646,0.11409617156044,0.12583624742953473
2,3,0,3500,11,27,13,31,18,0.5789544751492208,0.452421898859625,0.6899218471916821,0.5329629084961871,0.2649118380037169
2,3,1,2920.0,11,27,13,31,18,0.5789544751492208,0.452421898859625,0.6899218471916821,0.5329629084961871,0.2649118380037169
2,3,2,2675.0,11,27,13,31,18,0.5789544751492208,0.452421898859625,0.6899218471916821,0.5329629084961871,0.2649118380037169
2,3,3,2728.75,11,27,13,31,18,0.5789544751492208,0.452421898859625,0.6899218471916821,0.5329629084961871,0.26491183800371687
2,3,4,2960.9375,11,27,13,31,18,0.5789544751492208,0.452421898859625,0.6899218471916821,0.5329629084961871,0.2649118380037169
2,3,5,3311.171875,11,27,13,31,18,0.5789544751492208,0.452421898859625,0.6899218471916821,0.5329629084961871,0.2649118380037169
2,3,6,3718.96484375,11,27,13,31,18,0.5789544751492208,0.452421898859625,0.6899218471916821,0.5329629084961871,0.2649118380037169
2,3,7,4138.7060546875,11,27,13,31,18,0.5789544751492208,0.452421898859625,0.6899218471916821,0.5329629084961871,0.26491183800371687
2,3,8,4288.382568359375,10,27,11,30,19,0.6174251146713783,0.46300027252529,0.7011789596203497,0.5401796118071912,0.2686960924813716
2,3,9,4325.478210449219,9,28,11,30,19,0.6174251146713783,0.46300027252529,0.7011789596203497,0.5414479071832499,0.26714442901899066
2,3,10,4311.847763061523,11,31,11,30,21,0.5521182098939053,0.39706071595199977,0.6975452636260058,0.5326160629245804,0.27433706485298964
2,3,11,4084.8097038269043,11,32,11,30,21,0.5375163093120244,0.38176575100173765,0.6953914414876694,0.5294564748986191,0.27394749061636786
2,3,12,3711.0121297836304,12,36,14,31,22,0.5346800228400472,0.38176575100173765,0.6848158911121672,0.5258623362724458,0.2756403864995417
2,3,13,3288.765162229538,12,37,15,33,22,0.5346800228400472,0.38458575589927313,0.6814510236603628,0.5262602714708267,0.27256009289264227
2,3,14,3210.9564527869225,14,38,16,37,22,0.5428674210530917,0.3827770195903698,0.6712418184139679,0.5224036928584057,0.27408173101499855
2,3,15,3518.695565983653,10,26,12,22,10,0.47519659871069403,0.3385918972135076,0.6052654570209361,0.49189409010029994,0.26854791379310744
2,3,16,3618.3694574795663,7,20,10,14,8,0.4642809652811635,0.3258636789971296,0.5856452904776449,0.4919974271581782,0.27365670852698976
2,3,17,3817.961821849458,8,16,9,12,9,0.5212592019252837,0.2977399748100671,0.5948925845592858,0.5007798338223347,0.28874969562112734
2,3,18,4082.4522773118224,8,18,9,11,9,0.4642809652811635,0.2893244404063177,0.5852821745385404,0.48643320255984396,0.28675628968589195
2,3,19,4353.065346639778,8,19,10,12,9,0.48609355901526496,0.2903484023143491,0.5851006165689882,0.4876251281152897,0.2823674400832865
2,3,20,4661.3316832997225,8,21,13,14,10,0.5052380220406014,0.29230007604034863,0.5849190585994359,0.48983885630138313,0.2722395713127625
2,3,21,4896.664604124653,10,23,15,14,12,0.48342542830650004,0.29206916216621126,0.5644938733568837,0.48210127052336493,0.27295524172906777
2,3,22,5055.830755155816,12,26,18,16,14,0.48342542830650004,0.29278738157237183,0.5461434889315385,0.4852125593127042,0.2712881935636367
2,3,23,5044.788443944771,14,27,18,18,19,0.5102309720853226,0.3150089752210056,0.5858268484471971,0.4978477592120239,0.28164051605036755
2,3,24,4895.985554930963,16,30,21,18,22,0.5079061527493663,0.31576265168629125,0.5854637325080927,0.4989061858540233,0.28171620928715674
2,3,25,4574.981943663704,16,31,21,21,24,0.5217019327920374,0.3324377776487304,0.6013537390246424,0.5113772082983351,0.284850283039932
2,3,26,4053.7274295796306,17,34,28,22,26,0.5079061527493663,0.40386082760057057,0.5854637325080927,0.5088336633721829,0.2785993226136372
2,3,27,3627.159286974538,16,38,28,26,26,0.5102309720853226,0.39616030857984175,0.5909584288438794,0.5119042797202866,0.27564260553981984
2,3,28,3438.9491087181723,16,39,32,24,26,0.5079061527493663,0.40386082760057057,0.5649282842146737,0.5075530103345874,0.2727430974052113
2,3,29,3488.686385897716,18,37,32,21,26,0.5025011095178676,0.3501017380372468,0.5451038170576104,0.4994333086213077,0.2788319250848948
2,3,30,3730.8579823721448,18,38,32,21,24,0.48560371721186857,0.33961540596550893,0.538968923811635,0.4907899731284121,0.27366152094256657
2,3,31,4123.572477965181,19,36,30,20,24,0.46757177386867754,0.3366580986828856,0.5382881486369626,0.48893294911561386,0.2766981992341666
2,3,32,4614.465597456476,18,36,29,20,23,0.4663779692681355,0.3356723295886778,0.5375412536885361,0.48724367305596006,0.27589390889150706
2,3,33,5198.081996820594,17,36,29,19,21,0.4630074007359185,0.34248973008639594,0.5357335477273795,0.4813835912402189,0.268543855677502
2,3,34,5522.602496025743,16,38,31,17,21,0.4608306368042436,0.33961540596550893,0.5321843645492843,0.47818397193231965,0.2674910185172292
2,3,35,5868.253120032178,17,37,31,19,22,0.47658774554027306,0.3453225626264147,0.536330978001169,0.48522316228369816,0.2708556659552686
2,3,36,6270.316400040223,16,37,30,18,23,0.47658774554027306,0.3501017380372468,0.5360985291901352,0.49273651814253605,0.2760416101630082
2,3,37,6652.895500050279,18,35,31,17,21,0.4642012053364606,0.34248973008639594,0.535036201294278,0.48472400864255805,0.2786270427968478
2,3,38,6936.119375062848,16,36,27,15,24,0.4642012053364606,0.3644392642697428,0.5356432378945071,0.4963842685358216,0.2882171895199178
2,3,39,7215.149218828559,14,40,27,13,21,0.4575745955076127,0.3386296368713011,0.5263539907323964,0.48220882477415694,0.2802214282094894
2,3,40,7458.9365235357,14,38,33,14,20,0.4585002461386136,0.36963704523955493,0.52502695277014,0.48085393804138776,0.2737071306515233
2,3,41,7748.670654419624,13,41,34,12,16,0.44103789390956316,0.3453225626264147,0.4892825300474598,0.4560257299191423,0.26052576366066
2,3,42,8155.838318024529,13,40,33,14,17,0.444953062800143,0.36678974973733014,0.5023184529427497,0.4676537037854837,0.2680006387103263
2,3,43,8410,16,37,35,12,16,0.44103789390956316,0.3651706231085003,0.5029065732205568,0.4580128237868842,0.26739419336340314
2,3,44,8410,16,32,37,15,15,0.44735527586796464,0.37876745241395104,0.5054018024053015,0.46589455208950376,0.2652139761130181
2,3,45,8335,18,33,38,19,18,0.46947169709538494,0.3991397919728346,0.5236580226515188,0.47455854037681205,0.2665116370477294
2,3,46,8155,19,36,43,20,20,0.46947169709538494,0.40316371487470504,0.5240002551811741,0.4768042971401632,0.266422731499339
2,3,47,8050,19,39,47,21,21,0.4668399499156786,0.40438557902261796,0.523533502375571,0.47931791271267565,0.26192064036569307
2,3,48,7810,20,43,51,26,24,0.46947169709538494,0.4067171769334522,0.52502695277014,0.4880345994872664,0.2644267587144085
2,3,49,7347.5,23,51,54,28,29,0.4577185183550473,0.4021577341492374,0.5243424877108294,0.48589412390599623,0.2681288829927417
2,3,50,6454.375,25,51,62,32,33,0.47210344427509127,0.4220754404513011,0.5293341934289257,0.4941935044145535,0.26995714869686405
2,3,51,5652.96875,29,56,68,34,38,0.46611691624606993,0.42144509658236623,0.5234712422375971,0.49300322365650534,0.27221648078875926
2,3,52,5656.2109375,30,56,68,34,35,0.4622288304478039,0.4112703593077941,0.5029513104277062,0.48341277493934615,0.2691464059050491
2,3,53,5990.263671875,33,56,70,31,35,0.45317628482099837,0.4044935207338407,0.497807062867476,0.47439156725444603,0.2719056782110771
2,3,54,6572.82958984375,33,57,70,32,34,0.4526821298381475,0.4041696956001726,0.4929906380596445,0.47150142610167006,0.26958921630525934
2,3,55,7106.0369873046875,35,52,70,32,32,0.45317628482099837,0.40470940415628603,0.49561127579751446,0.4671505060772368,0.26873450938906546
2,3,56,8147.546234130859,35,52,67,33,31,0.4526821298381475,0.40239232793385943,0.5014619094220458,0.46748815597649146,0.2676596381883357
2,3,57,8965,34,48,66,33,29,0.4554474015880228,0.40975263184968014,0.5018230753716736,0.46910650023204786,0.2671624405024057
2,3,58,8605,36,45,65,32,28,0.45793648545537585,0.4051994494753383,0.49561127579751446,0.46616059061536985,0.26753275865098775
2,3,59,8335,36,44,62,32,26,0.4601916415017542,0.40248290019243416,0.4978070628674759,0.46403201708259745,0.26740390158579724
2,3,60,7990,36,42,62,35,26,0.47210344427509127,0.4227057843202358,0.5142328176839499,0.4693824545905628,0.2691113409870363
2,3,61,7812.5,38,42,66,31,23,0.45793648545537585,0.4027769273838655,0.5021658146296245,0.4564389654492059,0.2663681949046273
2,3,62,7440.625,43,44,61,31,23,0.44506248376015173,0.3787406191403222,0.49210432484311084,0.4428003734293272,0.27176873598794565
2,3,63,6825.78125,43,40,69,31,22,0.45218797485529655,0.3967354957656547,0.49729975138196025,0.44499423776098035,0.26638804841597225
2,3,64,5967.2265625,47,39,64,29,23,0.44573284712732963,0.38116980582917803,0.4994543080431183,0.43795299092821816,0.27475963714902213
2,3,65,5344.033203125,47,41,65,27,21,0.4403990196390318,0.3770401558032102,0.4857342175420212,0.42917434686870637,0.27243408549267667
2,3,66,5210.04150390625,50,37,57,24,18,0.4316678160814531,0.3459787750640077,0.4815697947064629,0.4143735634468013,0.27467082896759754
2,3,67,5162.5518798828125,45,35,59,23,15,0.43230460632638185,0.3599375603894237,0.48127028295438457,0.41547309287157197,0.2688055230840451
2,3,68,4998.189849853516,44,30,54,24,14,0.43298033894035703,0.3520721734771909,0.49640729351207047,0.4180631257939363,0.26981516109616877
2,3,69,4807.7373123168945,43,31,52,30,13,0.4403990196390318,0.37794267333085263,0.5127833910558549,0.4236456223542037,0.26775810808691425
2,3,70,4644.671640396118,42,32,50,33,13,0.4413198138921097,0.3836121869468955,0.5141317918754449,0.4299519882916495,0.2670657585935696
2,3,71,4755.839550495148,45,33,51,34,13,0.43862466185038834,0.38155274344142215,0.5140644413364416,0.42562175193116736,0.268068339805758
2,3,72,4984.799438118935,46,33,50,34,13,0.4352185977938213,0.3520721734771909,0.5131651072250817,0.4222400467269807,0.2690361045420405
2,3,73,5135.999297648668,44,34,52,34,13,0.4335868915258978,0.37005038836209336,0.5137047076918977,0.4261040872754232,0.2661700906120053
2,3,74,5294.999122060835,44,34,54,32,14,0.4352185977938213,0.37117388995921285,0.5140981166059433,0.42748967092869544,0.26687122176095696
2,3,75,5313.748902576044,43,35,54,33,14,0.4368503040617449,0.3816559631034296,0.5141991424144482,0.42878362518526625,0.2653581842820019
2,3,76,5277.186128220055,45,36,52,34,14,0.43230460632638185,0.3717356407577726,0.511256526378948,0.42386876846216337,0.267911292747587
2,3,77,5291.482660275069,41,35,50,32,15,0.4368503040617449,0.38119840440051894,0.5133786493168553,0.4311407360849722,0.2717302309104382
2,3,78,5234.353325343836,43,34,50,31,16,0.4352185977938213,0.38013538727780927,0.5129870924046511,0.42923534165060956,0.2726714529928459
2,3,79,4937.941656679795,41,36,49,29,15,0.4301294184409292,0.3765628852452527,0.5111901118206044,0.4263921920048174,0.26714858350287873
2,3,80,4537.427070849744,41,36,45,31,13,0.42787232171047496,0.37978104823690606,0.5122750331229291,0.42600813633824214,0.2692899466097297
2,3,81,4381.78383856218,43,32,43,30,11,0.42261529652729846,0.3640648607819403,0.4922312758739316,0.41366635192055906,0.2697150504402188
2,3,82,4217.229798202725,39,34,41,28,12,0.42464587345076055,0.3640648607819403,0.4807998543176374,0.41830749459583155,0.26591504940471916
2,3,83,4071.5372477534056,35,34,40,27,13,0.4274355543753119,0.38013538727780927,0.5079004997769939,0.4296491694829623,0.26948425374683627
2,3,84,4054.4215596917566,40,31,38,29,13,0.4274355543753119,0.36892688676497387,0.511256526378948,0.42197912443093794,0.27602479161740023
2,3,85,4168.026949614696,41,30,37,29,11,0.42464587345076055,0.3612147450123019,0.5111679736344897,0.41180772514868075,0.2729106785656373
2,3,86,4310.033687018369,43,30,36,25,11,0.394330833828151,0.3369788093532569,0.47176271670204367,0.3980129101387982,0.27652761112734103
2,3,87,4502.542108772961,42,29,35,23,13,0.40669557391279365,0.34456223841894307,0.47342980925572714,0.4030461359007201,0.27974921726043617
2,3,88,4863.177635966202,37,29,34,23,13,0.4225527229436742,0.3618077041136171,0.4926999320215139,0.4175351763914068,0.2768010377382045
2,3,89,5298.972044957753,36,28,34,21,14,0.42261529652729846,0.3584786808937551,0.49314377703550494,0.4182377143334591,0.2835960331262444
2,3,90,5558.71505619719,37,28,31,23,14,0.42249014936004986,0.35600990410003475,0.4810042004627484,0.41996581086288687,0.28572030691726436
2,3,91,5718.393820246488,35,31,27,21,14,0.3913185885905539,0.3468638395626543,0.47007243351457084,0.4149096986504267,0.2851379122756703
2,3,92,5767.99227530811,36,34,28,18,14,0.38092494499418267,0.33247393587193574,0.45062226733082733,0.40470582577149905,0.28171735384937596
2,3,93,5544.990344135138,38,34,31,20,13,0.3830857908126849,0.33167903816957034,0.45775210970196006,0.4029665480809471,0.27817397528624815
2,3,94,5176.2379301689225,39,35,32,20,15,0.3841027398739106,0.33300386767351264,0.45775210970196006,0.4066082718694016,0.2774590029865398
2,3,95,4640.297412711153,43,33,33,21,15,0.3837005090409241,0.3185332241819271,0.4589179836669365,0.40125324792125233,0.28197092321914435
2,3,96,3910.371765888941,43,32,33,21,15,0.38112057191463317,0.32413095347274923,0.4698995745728079,0.4032782635796692,0.28179025068949964
2,3,97,3642.964707361176,45,29,31,20,15,0.37805914750876213,0.30424313430914746,0.46528318459360446,0.3991911609226672,0.2827198218397482
2,3,98,3593.7058842014703,45,26,30,19,15,0.377577660229182,0.2833694127169058,0.47742895875916513,0.397258078194127,0.28619004430224687
2,3,99,3532.132355251838,46,27,28,19,10,0.3495577355543952,0.2464975234556474,0.45430056848517153,0.370319452256224,0.2692287458097892