Exp Num,Epoch,Resource,A,B,C,D,E,Median,Below,Above
0,0,3500,15,27,13,26,19,0.5584389336367837,0.28017353308296417,0.7325272166874639
0,1,2965.0,15,27,13,26,19,0.5584389336367837,0.28017353308296417,0.7325272166874639
0,2,2686.25,15,27,13,26,19,0.5584389336367837,0.28017353308296417,0.7325272166874639
0,3,2652.8125,15,27,13,26,19,0.5584389336367837,0.28017353308296417,0.7325272166874639
0,4,2821.015625,15,27,13,26,19,0.5584389336367837,0.28017353308296417,0.7325272166874639
0,5,3016.26953125,14,27,13,26,19,0.5662769567143908,0.28210897654297595,0.7338959219187631
0,6,3260.3369140625,14,27,13,26,19,0.5662769567143908,0.28210897654297595,0.7338959219187631
0,7,3655.421142578125,14,27,13,26,19,0.5662769567143908,0.28210897654297595,0.7338959219187631
0,8,4014.2764282226562,14,25,14,24,21,0.5730586407812001,0.28127635342300467,0.7522402539908426
0,9,4207.84553527832,15,25,14,24,21,0.5681594773798773,0.27990333586289495,0.7447735402720916
0,10,4344.8069190979,15,26,17,26,21,0.5662769567143908,0.2804437303030334,0.7311585114561647
0,11,4396.0086488723755,16,27,17,24,18,0.48355708985294044,0.275815236083827,0.7033478621285456
0,12,4235.010811090469,17,30,17,27,18,0.471808703871118,0.2767275228974024,0.7023526366149127
0,13,3883.7635138630867,17,34,18,27,19,0.45060903439164124,0.2780452321600795,0.7004000181223892
0,14,3399.7043923288584,21,34,20,30,21,0.46799665616596864,0.275815236083827,0.6977907815224482
0,15,3154.630490411073,15,18,17,20,14,0.5029103161243027,0.28294159966294724,0.6962067550403459
0,16,3088.288113013841,11,13,13,16,6,0.4641846084608192,0.2652207476795572,0.6534657111541871
0,17,3110.3601412673015,11,11,14,15,5,0.46799665616596864,0.2606059990783307,0.6341611553456308
0,18,3077.950176584127,11,12,14,15,5,0.4660579416986784,0.26500416460584625,0.6372720603379994
0,19,3007.4377207301586,13,15,13,17,7,0.4660579416986784,0.26500416460584625,0.6481505413176497
0,20,2784.2971509126983,15,19,14,18,7,0.461430718570453,0.2496780797992423,0.6399050528834291
0,21,2385.371438640873,18,19,18,21,10,0.4651212750797488,0.2535096010008933,0.6561232960724558
0,22,2261.714298301091,19,21,20,22,10,0.46280766351563607,0.26117264340419527,0.6508081262359184
0,23,2332.1428728763635,24,21,20,23,10,0.4526501211280254,0.224576815937619,0.6392468047470717
0,24,2405.1785910954545,24,22,21,23,10,0.4526501211280254,0.21910162177520204,0.6379303084743568
0,25,2541.4732388693183,23,24,23,22,9,0.43366538993238307,0.22454136623619353,0.6331241870148412
0,26,2846.841548586648,24,24,21,21,9,0.4147478704623583,0.2134112087966163,0.627311965084086
0,27,3273.55193573331,23,26,19,19,8,0.3963887918547237,0.2134112087966163,0.6197909287275485
0,28,3866.9399196666377,23,22,18,18,8,0.3967670781733646,0.1673796153795424,0.6214997431533309
0,29,4263.674899583297,21,23,16,16,6,0.389920979558865,0.1762303086327137,0.6096071750354131
0,30,4729.593624479121,20,21,13,15,6,0.38529542763503616,0.16079299724494683,0.6170218028603522
0,31,5191.992030598902,18,22,13,15,5,0.38529542763503616,0.20278238839222754,0.6125438625673736
0,32,5664.990038248627,18,21,12,15,5,0.3783933839636868,0.1861176262496666,0.6170218028603522
0,33,6226.237547810783,17,21,10,14,4,0.35765603726449813,0.17778524517838615,0.6096071750354131
0,34,6942.796934763479,18,21,12,13,4,0.35765603726449813,0.16893455192521487,0.5533143852252768
0,35,7703.496168454349,18,22,14,13,4,0.36985288253588566,0.1861176262496666,0.5428999192653161
0,36,8669.370210567937,18,22,17,12,4,0.36985288253588566,0.20278238839222754,0.527004662810274
0,37,8995,18,22,17,11,4,0.36550992142484684,0.19445000732094708,0.523733857838026
0,38,9085,17,22,17,9,2,0.34545919199311065,0.1861176262496666,0.5059683272607236
0,39,9070,16,22,18,9,3,0.37315537777807284,0.21872561899881068,0.5159951761440476
0,40,9040,16,26,17,9,4,0.3639302972906362,0.23497097071777073,0.5020629717140442
0,41,8995,15,30,16,9,4,0.3639302972906362,0.24296647742568556,0.494290495265042
0,42,8935,17,30,18,12,4,0.36985288253588566,0.2532601475805487,0.49815761616736487
0,43,8800,19,34,19,14,4,0.3649891220090304,0.2543287223511949,0.5165220961772986
0,44,8665,20,38,22,17,5,0.3723379765974464,0.2555384813478848,0.5249173101594966
0,45,8500,24,42,25,17,5,0.3647075294458411,0.2413094252135638,0.5226435895139432
0,46,8350,24,47,27,20,6,0.37006440842571237,0.260095148882557,0.5271099346279966
0,47,8155,26,54,30,22,6,0.3725495024872731,0.2635812704912333,0.526582970113181
0,48,8005,29,61,30,24,7,0.36332839548580664,0.2578168151152209,0.5272152064457192
0,49,7795,32,67,33,23,8,0.36288746863333315,0.2507828698267469,0.5245167282970911
0,50,7343.75,38,71,39,26,11,0.36332839548580664,0.2465943240104195,0.5274257500811642
0,51,6449.6875,41,83,40,28,11,0.361166960313808,0.23994849536402751,0.5245167282970911
0,52,5527.109375,41,87,41,31,14,0.3630860391919648,0.2470221410260509,0.5284116635040174
0,53,5033.88671875,43,97,40,31,13,0.3565338969136046,0.24527309931120558,0.5241161464346855
0,54,4972.3583984375,46,98,39,31,13,0.3511145410681749,0.24083558095044383,0.5206548409666252
0,55,5315.447998046875,44,98,38,32,13,0.3511145410681749,0.2413094252135638,0.52371556457228
0,56,5834.309997558594,44,96,39,33,11,0.3535438969086862,0.24083558095044383,0.5206548409666252
0,57,6587.887496948242,45,90,39,34,11,0.35475960152770825,0.23752106779332666,0.5263718210515331
0,58,7664.859371185303,43,89,38,32,11,0.35475960152770825,0.24036173668732386,0.525317892021902
0,59,8936.074213981628,41,87,35,31,11,0.35475960152770825,0.2413094252135638,0.5283019667513016
0,60,8905,41,84,31,26,11,0.347085150547279,0.22378407116365406,0.5055246369200906
0,61,8620,39,85,31,24,10,0.3453381124895224,0.22115218446089271,0.48926267774288074
0,62,8365,37,85,26,23,9,0.33558823952810124,0.22094432261676653,0.4800682371446016
0,63,8305,35,79,26,20,9,0.33690638712751725,0.22115218446089271,0.4800104369673904
0,64,8110,30,79,29,19,8,0.3390079665433165,0.22644573529627554,0.48024163767623534
0,65,7945,25,77,29,16,7,0.3396763946496113,0.23272929000671655,0.47897295413902674
0,66,8026.25,21,75,27,15,6,0.3450120889045873,0.25423461796409635,0.47554755520768344
0,67,8140,22,72,23,14,7,0.34431511532664244,0.2518207126303767,0.47275260944898156
0,68,8200,21,71,21,13,7,0.34098979315160854,0.2506137599635168,0.4640801679301479
0,69,8260,23,66,21,10,7,0.33690638712751725,0.24161486788563308,0.44390666482634467
0,70,8305,20,63,26,13,6,0.34905725898540796,0.2629717647573421,0.4773479898846475
0,71,8185,23,61,29,12,6,0.35359482089176664,0.24950783067555132,0.47807179206344397
0,72,8125,24,66,33,12,7,0.35994975317130784,0.25266884281508784,0.4838967693862986
0,73,7945,26,72,38,9,8,0.3598782428629084,0.2582408296467836,0.475443238392266
0,74,7711.25,25,81,40,10,11,0.3600212634797072,0.2628489449458888,0.4697617031612069
0,75,7149.0625,28,90,46,12,11,0.36099886584869667,0.2628489449458888,0.4697617031612069
0,76,6161.328125,30,103,52,17,12,0.36313951302762704,0.2659252074615515,0.4787955942422405
0,77,5676.66015625,33,107,55,19,12,0.36198117949620184,0.2644801574446129,0.4787955942422405
0,78,5520.8251953125,32,106,55,20,12,0.362963493143707,0.2648676621188839,0.48472078623065595
0,79,5761.031494140625,33,103,53,20,12,0.362963493143707,0.2648676621188839,0.48472078623065595
0,80,6106.289367675781,35,105,49,20,12,0.3598782428629084,0.2623446962378513,0.475443238392266
0,81,6837.861709594727,35,105,48,19,12,0.3598782428629084,0.2628489449458888,0.4699232605089947
0,82,7647.327136993408,36,98,47,19,12,0.3598018011048165,0.2605656310440556,0.4773479898846475
0,83,8689.15892124176,34,95,47,19,11,0.3604385543558025,0.26118978533387943,0.4787955942422405
0,84,8725,35,93,45,19,11,0.3586190181246092,0.2593447252732764,0.47928625387051443
0,85,8500,36,87,44,17,10,0.35892503229977635,0.24894273731118344,0.47115512508461876
0,86,8380,36,88,43,15,7,0.3414761982529137,0.2300966395003531,0.44980070574107406
0,87,8185,32,89,43,14,7,0.35398101111018526,0.24294954567715574,0.4454109346330033
0,88,7825,33,91,42,16,7,0.35398101111018526,0.24294954567715574,0.44415561403632364
0,89,7456.25,34,86,41,18,6,0.35398101111018526,0.24294954567715574,0.45727208575603856
0,90,6935.3125,33,88,36,17,5,0.33636235160669115,0.23753269994669862,0.4414808380951486
0,91,6299.140625,35,87,36,19,5,0.3392297681062759,0.23560160027333116,0.4544962746915302
0,92,5563.92578125,34,83,35,15,3,0.3339416993348555,0.23048785406001734,0.439612167880387
0,93,4659.9072265625,36,91,32,14,3,0.3265599659613609,0.22631958561534332,0.43023909248936143
0,94,4324.884033203125,33,90,32,14,2,0.32814189679902106,0.22830373002701615,0.4260361470146901
0,95,4251.105041503906,30,93,30,15,2,0.3329840427375734,0.2408922867342415,0.42069657207576816
0,96,4203.881301879883,29,93,31,13,2,0.3325124262639554,0.24127797567556641,0.41814509597282623
0,97,4399.8516273498535,30,93,31,12,2,0.33137613950500466,0.23939182860231834,0.41146320686745197
0,98,4764.814534187317,30,96,30,12,2,0.33137613950500466,0.23677660127979688,0.40755658648819926
0,99,5251.018167734146,30,95,31,11,2,0.33244328276514257,0.23546898761853616,0.409240778578518
0,100,5993.772709667683,29,95,31,11,2,0.32932127996295,0.235073673194263,0.40934587306292625
0,101,6967.215887084603,27,91,30,11,2,0.33338651571237865,0.23546898761853616,0.40966115651615087
0,102,7719.019858855754,25,93,29,11,1,0.33354728424651714,0.2420985428033787,0.40587239439788053
0,103,8493.774823569693,25,89,28,10,1,0.33354728424651714,0.24272626546052856,0.4025040102172431
0,104,8740,25,79,27,10,1,0.33299528350582985,0.234235026731658,0.41506730757005417
0,105,8575,25,78,24,7,1,0.3261992771607574,0.2303993427766251,0.3945187461150236
0,106,8530,25,75,25,6,1,0.3270040285997917,0.23103042025781753,0.39770647409355825
0,107,8485,24,77,18,3,1,0.3169555462964264,0.22565974477920256,0.38440903770096513
0,108,8485,22,73,17,4,0,0.3241072845593913,0.2257028127897691,0.3857099084144252
0,109,8560,21,72,16,4,0,0.32190566297427525,0.23282454476140885,0.3852779559996738
0,110,8455,23,67,19,4,0,0.3183598496405335,0.22557360875806948,0.3878568156766931
0,111,8470,24,66,19,3,0,0.32117245021167495,0.21039954283653475,0.38461929347086565
0,112,8470,24,68,20,2,0,0.32067242828612486,0.21342733860453958,0.3832856816128697
0,113,8410,26,71,21,2,0,0.32140564104872515,0.21039954283653475,0.38461929347086565
0,114,8230,31,75,22,2,0,0.31939954354480404,0.20276681699418853,0.3832856816128697
0,115,8125,31,83,25,4,0,0.32780878003882596,0.21643838161637124,0.3856984675394748
0,116,7915,32,89,30,4,0,0.32901453468201575,0.21709862031229843,0.3894214532175927
0,117,7673.75,35,91,37,4,0,0.3341843527003104,0.21139803539720586,0.3947880011393968
0,118,7102.1875,42,104,39,4,0,0.32901453468201575,0.21052346262889818,0.39034539637622967
0,119,6162.734375,51,103,44,5,0,0.32901453468201575,0.20005326318851704,0.3903228233240078
0,120,5378.41796875,55,114,43,5,0,0.3183598496405335,0.1996205334540008,0.38857666637586247
0,121,5133.0224609375,53,118,44,5,0,0.32067242828612486,0.20344633157911535,0.3885886981264831
0,122,5201.278076171875,53,121,43,5,0,0.31651787758370825,0.20474418254488835,0.3877374095149184
0,123,5571.597595214844,54,119,41,4,0,0.31220732868178797,0.20109380417540335,0.37582664744230054
0,124,6244.496994018555,55,115,41,4,0,0.3127421496600417,0.19257989075955959,0.3760887204761483
0,125,7025.621242523193,54,112,40,4,0,0.31014067468518186,0.19243562566858177,0.37582664744230054
0,126,7972.026553153992,52,107,39,4,0,0.3053461912038067,0.19243562566858177,0.37618555571532586
0,127,8810.03319144249,52,110,37,4,0,0.29729782597327825,0.1919862725910728,0.3753424450766084
0,128,8725,50,105,37,4,0,0.2996906833570311,0.19213881658433837,0.3756898423313153
0,129,8545,51,98,33,4,0,0.29342624591911604,0.18890367488173715,0.37456842866474316
0,130,8200,45,96,34,4,0,0.29981938450308304,0.1991535196544003,0.3753424450766084
0,131,7870,48,96,34,2,0,0.29042388890625115,0.19213881658433837,0.37288106504100094
0,132,7587.5,49,94,33,1,0,0.2922210026255011,0.18754272658299104,0.3698141460612644
0,133,7219.375,49,92,31,1,0,0.2843891553463957,0.17999741770029032,0.3619686821461109
0,134,6744.21875,49,91,30,1,0,0.2819583967996246,0.1783927129984358,0.3581482123353532
0,135,6105.2734375,47,89,32,2,0,0.2858088317385249,0.18331509469613677,0.36821622799046066
0,136,5366.591796875,44,90,29,3,0,0.28471097984439325,0.1888148225534373,0.36275079984147773
0,137,4518.23974609375,45,89,33,3,0,0.2790237888651712,0.1888148225534373,0.36710956360384833
0,138,3982.7996826171875,48,94,34,4,0,0.27601335280334405,0.18759029047812148,0.3686597657324936
0,139,3853.4996032714844,50,93,35,5,0,0.2819583967996246,0.1875744358464113,0.37083280758055126
0,140,3856.8745040893555,52,93,34,5,0,0.2814329772637948,0.18586944178027948,0.3686597657324936
0,141,4026.0931301116943,48,88,35,6,0,0.28695823539803833,0.18760614510983162,0.37858286584751855
0,142,4387.616412639618,49,88,34,6,0,0.28695823539803833,0.18760614510983162,0.37605564160076904
0,143,4854.520515799522,50,89,35,5,0,0.28695823539803833,0.19011862778730382,0.3739535553503036
0,144,5513.150644749403,47,88,34,5,0,0.28773828956936326,0.19568541102005485,0.37500459847553635
0,145,6381.438305936754,46,86,33,5,0,0.288680591905937,0.19568541102005485,0.37500459847553635
0,146,7181.797882420942,43,77,29,5,0,0.28685712231320043,0.1888148225534373,0.3701021185635728
0,147,8047.247353026178,38,77,27,5,0,0.28833839494803165,0.19652349293739674,0.3738038396872505
0,148,8935,33,73,22,5,0,0.2890227888638423,0.20528379174118574,0.36542244360490317
0,149,8815,32,68,22,4,0,0.2890802930950006,0.19948803780836669,0.3675618401184033
0,150,8740,28,62,22,2,1,0.2895014537504506,0.20684822365072777,0.3738038396872505
0,151,8725,25,63,17,2,1,0.29028420623097984,0.21324457282453077,0.362535344975743
0,152,8725,21,58,17,2,1,0.30361122507914196,0.22459368816698355,0.3692365408436228
0,153,8755,21,54,16,2,1,0.2954350077248582,0.22836898914175935,0.3644600773951831
0,154,8815,19,55,12,0,1,0.29092574424979656,0.22551006893057263,0.35026805513253445
0,155,8815,18,56,15,0,1,0.2993009783141549,0.23564018733707473,0.36092998154312383
0,156,8710,16,60,16,0,1,0.30361122507914196,0.24135697947846257,0.36157297876602296
0,157,8725,16,60,19,0,1,0.3076365912004566,0.2413004258612163,0.37552220680745674
0,158,8620,15,65,19,1,1,0.31179827851487046,0.25698975461576706,0.3774095699768255
0,159,8515,16,75,19,1,2,0.31179827851487046,0.2507107406327431,0.37489308575100044
0,160,8335,18,84,19,1,3,0.3111387805140337,0.2507107406327431,0.37019810939767556
0,161,8185,20,94,19,2,3,0.3114685295144521,0.2538937470451024,0.3725002722702657
0,162,7975,20,105,20,2,4,0.31290140563214586,0.25952529027804067,0.3737589659423335
0,163,7778.75,23,113,23,2,4,0.3111387805140337,0.2590569499878478,0.37262484613366653
0,164,7308.4375,27,119,27,3,4,0.30949143067892715,0.2523239935493464,0.37509905318392645
0,165,6540.546875,35,124,28,5,4,0.30408629530115994,0.23804538138653672,0.37592337791764985
0,166,5415.68359375,37,138,32,5,4,0.30918851987303797,0.2455086987467215,0.3766692063486733
0,167,4984.6044921875,41,145,35,5,4,0.31061049850747374,0.24399105202557833,0.3809269398942057
0,168,4805.755615234375,39,148,35,5,4,0.3111387805140337,0.2447498753861499,0.3796342565052156
0,169,4717.194519042969,40,145,36,5,4,0.3110260949136983,0.24399105202557833,0.3868384275017976
0,170,4936.493148803711,41,141,36,5,4,0.31290140563214586,0.23868387680583955,0.3883943279139195
0,171,5405.616436004639,41,140,34,5,4,0.3152844482505947,0.23875470247382968,0.384867294448794
0,172,5812.020545005798,42,137,31,5,4,0.31290140563214586,0.23868387680583955,0.38057692774546414
0,173,6545.025681257248,42,137,29,5,4,0.31030758770158456,0.23568156471944654,0.3757169554827045
0,174,7506.28210157156,39,125,28,5,4,0.30896370734329937,0.2350092786863348,0.3765426452224859
0,175,8272.85262696445,38,118,26,4,4,0.30642746915993035,0.23517735019461275,0.3755863471867054
0,176,8740,38,109,25,4,2,0.2981617085885654,0.22605556675696803,0.3755863471867054
0,177,8410,35,99,27,4,2,0.2995380018917426,0.2248193328360315,0.38585286097529575
0,178,8410,35,95,26,4,1,0.2920213760104121,0.22206712137010784,0.3789342322077325
0,179,8245,32,84,26,4,1,0.29016932986486843,0.22049305548818715,0.38842202050950503
0,180,8290,31,79,25,3,1,0.2920213760104121,0.22049305548818715,0.3850044391906604
0,181,8335,27,77,25,4,1,0.2981617085885654,0.23035527946296708,0.38634792325996375
0,182,8320,27,71,23,3,0,0.2981617085885654,0.22312682446892473,0.3797555799765983
0,183,8335,24,73,23,3,0,0.308038216262422,0.23525454962407322,0.3814079800650123
0,184,8365,21,71,21,3,0,0.3088442134811198,0.23597274271013868,0.3801711061363724
0,185,8380,20,77,23,3,0,0.3136938446567922,0.24560931711208445,0.3783101360803175
0,186,8230,21,80,27,4,0,0.3140995001326563,0.2460081442498977,0.3862007413926738
0,187,8095,25,84,31,5,0,0.31788096533714016,0.244811662836458,0.39004524601332974
0,188,7900,29,88,35,4,0,0.3088031377863036,0.23597274271013868,0.3929541817813699
0,189,7595.0,31,99,38,4,0,0.3088031377863036,0.23768528101862663,0.39139514751265186
0,190,6973.75,38,106,41,4,0,0.30888155595366695,0.23260820268432458,0.39004524601332974
0,191,5927.1875,42,119,44,4,1,0.3094478288251453,0.23184668674550682,0.38913931305839955
0,192,5173.984375,42,132,45,6,1,0.3088031377863036,0.23657635495059504,0.38634792325996375
0,193,4727.48046875,45,134,47,6,1,0.3081296583409334,0.23482753452869992,0.3864215141936088
0,194,4679.3505859375,46,135,47,6,1,0.30888155595366695,0.2367982311305718,0.3882333801034693
0,195,4769.188232421875,47,136,44,6,1,0.30599866761282357,0.2352092705891795,0.38447497981102446
0,196,5136.485290527344,45,130,42,5,1,0.3081296583409334,0.23603475900961263,0.3808148814526877
0,197,5730.60661315918,47,130,39,5,1,0.30425775873537453,0.23184668674550682,0.37766587747982455
0,198,6533.258266448975,45,126,38,4,1,0.30425775873537453,0.23184668674550682,0.37715296035237816
0,199,7641.572833061218,44,118,37,4,1,0.30425775873537453,0.22991965268785464,0.37897418632535235
0,200,8576.966041326523,43,110,35,4,1,0.3003067317467802,0.22367461330921184,0.3786999726291756
0,201,8815,42,104,35,4,1,0.30310837971435667,0.22398097659533786,0.3813239084720903
0,202,8590,40,99,29,4,1,0.29377404865381607,0.21874222970166762,0.37558989614771926
0,203,8290,39,92,26,4,1,0.28766683972011053,0.2161650174138266,0.3751344192792565
0,204,8140,37,92,26,2,1,0.2907414261571161,0.21693222763489017,0.3751344192792565
0,205,8215,33,84,23,2,1,0.2890456979126819,0.21753556165714932,0.3736549194563735
0,206,8305,28,79,20,2,1,0.2918226566464065,0.22643427194709165,0.3712624108243687
0,207,8335,23,79,19,2,1,0.2918226566464065,0.23730796352093797,0.36512225906245155
0,208,8350,20,76,19,3,1,0.31001410169662363,0.24422266223282665,0.3810044905490554
0,209,8440,18,74,20,2,0,0.32014239321902627,0.259107105771135,0.3843377067741941
0,210,8440,21,74,20,2,0,0.31189843827607877,0.24523646501969276,0.38517263053509454
0,211,8335,22,77,21,2,0,0.319552288100343,0.25098614311630174,0.3843377067741941
0,212,8230,28,82,23,2,0,0.31943400084776835,0.23705439414616597,0.3855247601012385
0,213,8080,27,88,26,2,0,0.31967057535291765,0.24422324392978012,0.3855247601012385
0,214,7885,33,98,28,2,0,0.30635419046583,0.22453662677331226,0.3808303745053035
0,215,7516.25,34,104,34,2,0,0.3062536536219856,0.24090336873581758,0.38570082488431046
0,216,6875.3125,36,116,37,2,0,0.3111579393400544,0.24167186563919857,0.3834098961399971
0,217,5774.140625,40,126,40,3,0,0.31009019955908296,0.24320885944596055,0.3816471617448996
0,218,5222.67578125,45,127,43,3,1,0.30615311677814117,0.22393146556986537,0.3866697496346062
0,219,5118.3447265625,48,129,44,3,1,0.30473364118377216,0.21866507489525788,0.3873819296236457
0,220,5197.930908203125,46,131,41,3,1,0.30444716698962826,0.21983038226304802,0.38570082488431046
0,221,5552.413635253906,49,127,38,3,1,0.29564356337949027,0.21189656481938698,0.3811531736543798
0,222,6040.517044067383,51,128,38,3,1,0.2908931349133821,0.2082946688224554,0.3807971104996104
0,223,6620.6463050842285,50,124,36,3,1,0.29129034690214206,0.2083306501817978,0.38027533218164145
0,224,7525.807881355286,51,119,36,2,1,0.28559629272267933,0.20557706354676442,0.3787096092547929
0,225,8702.259851694107,49,115,35,2,1,0.2846743444318004,0.20606072345147447,0.37870990023449913
0,226,8785,47,107,32,3,1,0.28365547123291235,0.20490292747712943,0.37696084414821385
0,227,8680,49,104,29,2,1,0.28077995851352316,0.19176890280514014,0.3703788893952116
0,228,8230,47,101,29,2,1,0.2813173854815766,0.19441245172996613,0.3678493490044779
0,229,8110,48,97,27,2,1,0.27229675318786506,0.1914675360080555,0.3644800484803491
0,230,8005,51,84,24,2,1,0.2706961742712569,0.17734075867875418,0.34979377883844165
0,231,8065,53,87,21,2,1,0.2692485283441246,0.1619969200766869,0.34953602175846865
0,232,7930,52,82,18,2,1,0.2589763279510651,0.14878175335364924,0.34656612980198753
0,233,7902.5,54,76,17,2,2,0.25110299390120516,0.1452861153345203,0.3442169179190125
0,234,7853.125,55,73,14,2,2,0.24849062662574994,0.1408497665626399,0.3402526788145529
0,235,7806.40625,59,73,16,1,2,0.24356657127585135,0.1402221616174935,0.33812041113151403
0,236,7643.0078125,61,74,15,2,2,0.23636450536380363,0.13997281396980793,0.3451329036297229
0,237,7363.759765625,67,79,17,2,2,0.23395502888172942,0.13881485898555906,0.3395478811088339
0,238,6774.69970703125,74,82,19,2,2,0.2278080952270226,0.13700054544149742,0.3279317778673535
0,239,5903.3746337890625,77,92,20,2,4,0.23395502888172942,0.14239184924243511,0.33409318358605394
0,240,5099.218292236328,86,95,23,2,4,0.23175581163659814,0.13836055531727742,0.3345665555256644
0,241,4709.02286529541,91,92,26,2,4,0.23017113885573295,0.13881485898555906,0.344421115633598
0,242,4596.278581619263,96,92,27,2,4,0.2278080952270226,0.13972346632212232,0.34645728476960436
0,243,4605.348227024078,97,93,27,3,4,0.22893290225773355,0.1392691626538407,0.34106173445598337
0,244,4871.685283780098,100,91,27,3,4,0.2272270659349377,0.13609483923399907,0.33671081572007605
0,245,5294.606604725122,97,88,26,3,4,0.22478769699727408,0.13836055531727742,0.33119124510384684
0,246,5898.258255906403,95,90,25,3,4,0.22607147198158312,0.14563957489439786,0.33147555145203184
0,247,6712.822819883004,90,87,21,3,4,0.22491626919471708,0.14563957489439786,0.32476917357087504
0,248,7746.028524853755,86,83,20,3,4,0.22427353745775247,0.14197404451675041,0.32059476862945824
0,249,8647.535656067193,79,74,18,3,4,0.22462055124800692,0.14574991767697243,0.32450548892853764
0,250,8740,72,70,17,2,3,0.22462055124800692,0.1482737906956579,0.31616467308901514
0,251,8485,71,68,16,2,3,0.22462055124800692,0.1513634485003193,0.31616467308901514
0,252,8395,65,67,16,2,2,0.2254938705881501,0.15399896400367036,0.31616467308901514
0,253,8275,64,60,16,2,2,0.22462055124800692,0.150612454186083,0.3127344695290416
0,254,8320,57,57,14,1,2,0.2245819776961828,0.15477553360899565,0.3083112586088078
0,255,8275,57,57,13,1,0,0.21746438442335142,0.15490570683642707,0.30146181864380495
0,256,8410,54,52,13,2,0,0.21521069565081535,0.15508337305355224,0.3006124230879271
0,257,8455,53,48,11,2,0,0.20985624760325494,0.15172504233221523,0.2948387860558532
0,258,8410,56,51,9,3,0,0.2086722170106526,0.14677363788392123,0.28991465491470947
0,259,8275,64,54,8,3,0,0.20079986426190563,0.14708427593412016,0.280066392632422
0,260,8185,64,62,8,3,0,0.2086722170106526,0.15338666455188651,0.29959530983419685
0,261,8080,68,62,10,4,0,0.20839094345697085,0.15273874692847556,0.30034601797145793
0,262,7930,71,69,11,3,0,0.21312548692333633,0.15144291168165366,0.29972101535629686
0,263,7647.5,77,78,13,3,0,0.21521069565081535,0.1542112723078725,0.28417867385764417
0,264,7069.375,79,90,14,3,0,0.21853279310105506,0.161020337849057,0.2862348144702552
0,265,6061.71875,91,101,15,3,1,0.21662857243252515,0.16019596693761146,0.2797648665128792
0,266,5252.1484375,99,106,16,4,1,0.21625832082165924,0.16147692335176633,0.29028119097454474
0,267,4855.185546875,104,108,17,4,1,0.21554938243080435,0.161020337849057,0.29028119097454474
0,268,4553.98193359375,110,107,16,4,1,0.2102631734387787,0.161020337849057,0.2786331475780733
0,269,4387.4774169921875,111,105,16,5,1,0.20806359470574376,0.15755090244922124,0.2770149826597955
0,270,4614.346771240234,109,105,15,5,1,0.20801751950819844,0.1573674544495356,0.2767354066233246
0,271,5062.933464050293,105,105,14,5,1,0.20839094345697085,0.16147692335176633,0.2786331475780733
0,272,5803.666830062866,106,102,14,5,1,0.20806359470574376,0.15741147822921567,0.2781126094830106
0,273,6684.583537578583,100,97,14,4,1,0.20806359470574376,0.15774170332987225,0.27743400413106967
0,274,7845.729421973228,96,86,14,4,1,0.20666889408435912,0.15783710377019775,0.2788934166256047
0,275,8787.161777466536,90,88,12,3,1,0.2076853937743895,0.16753451567128166,0.27771289500067603
0,276,8680,82,83,12,3,1,0.2081096699032891,0.1685080251964024,0.27946334039333637
0,277,8545,75,81,8,2,1,0.2094860686817001,0.17222400489101491,0.2775734495658728
0,278,8425,69,74,7,1,1,0.21225985869657116,0.16423268093357676,0.27645583058685363
0,279,8350,68,68,7,1,1,0.20735326804058052,0.16481051443293115,0.2778523404354792
0,280,8320,64,66,4,1,1,0.20730971998470754,0.16423268093357676,0.27408846253695507
0,281,8335,58,62,2,1,1,0.2108333006541183,0.17017169010827843,0.2715727828682255
0,282,8395,55,58,2,1,1,0.2094860686817001,0.16721001249624143,0.2708028697772378
0,283,8455,53,58,2,0,1,0.2076418457185165,0.17175782893782862,0.2696866094793675
0,284,8530,49,53,4,0,0,0.2076418457185165,0.17166071758190754,0.2706401719380108
0,285,8590,46,54,4,0,0,0.21803323703057673,0.1726643207878078,0.2797270648263479
0,286,8545,46,59,3,0,0,0.21803323703057673,0.17345745645852112,0.2838460946668914
0,287,8440,49,65,3,0,0,0.22359845385720012,0.17452015751516484,0.29057226494813526
0,288,8320,49,73,2,0,0,0.2242904130920324,0.17437812732389407,0.28900123595609983
0,289,8185,52,85,3,0,0,0.22457443410442662,0.1765661659418811,0.2905975518187573
0,290,7930,59,91,3,0,0,0.22418020858095308,0.17608205079919625,0.2884775596254213
0,291,7662.5,67,101,3,0,0,0.22418020858095308,0.17423609713262328,0.2895249122867783
0,292,7073.125,76,110,3,0,0,0.22418020858095308,0.1739520367500817,0.29458870612840626
0,293,6156.40625,83,114,3,0,0,0.22012445251507268,0.17190048858256718,0.28902652282672187
0,294,5400.5078125,91,121,5,0,0,0.2184371796043003,0.1731661223907579,0.2866654724224321
0,295,5085.634765625,96,123,5,0,0,0.2176715599353858,0.17345745645852112,0.28010401874263946
0,296,4842.04345703125,98,126,6,0,0,0.21815674762603765,0.1693692209661857,0.2758010459657899
0,297,4837.5543212890625,101,126,7,0,0,0.21500109707105697,0.17336260098058887,0.2748952965626934
0,298,4966.942901611328,103,122,8,0,0,0.21113969544385164,0.16810358715799498,0.274909341314494
0,299,5398.67862701416,100,122,8,0,0,0.21448471427218235,0.167840871145468,0.2758010459657899
0,300,6028.3482837677,101,117,6,0,0,0.2085532250748051,0.16485490099732403,0.27486720705909223
0,301,6965.435354709625,97,115,6,0,0,0.20995126477569603,0.16846320769429957,0.27430156901653147
0,302,7971.794193387032,93,107,6,0,0,0.2097416557429607,0.16846320769429957,0.2748952965626934
0,303,8659.74274173379,91,99,6,0,0,0.20773719966709414,0.16320287253655005,0.27319838243501104
0,304,8530,88,90,6,0,0,0.2025191369608519,0.1620018462345098,0.26958005910758326
0,305,8230,88,88,6,0,0,0.2025191369608519,0.160881962747483,0.27008414430389605
0,306,8170,90,76,6,0,0,0.19419147815061621,0.1579254424893346,0.26618663771699325
0,307,8035,86,68,6,0,0,0.19207283410686582,0.1579254424893346,0.2651084935100608
0,308,8170,77,66,7,0,0,0.19361794262644266,0.16203988805692487,0.26492751587528585
0,309,8185,73,57,8,0,0,0.19207283410686582,0.16141058393941218,0.2639256877006516
0,310,8230,67,58,7,0,0,0.19364484275685034,0.16067044565627356,0.2651084935100608
0,311,8170,69,59,7,0,0,0.1949711901841713,0.16254374452282352,0.26487731870434295
0,312,8185,66,62,6,0,0,0.20138832417420233,0.163775618550702,0.26092076269181796
0,313,8140,65,65,6,0,0,0.20195016229673712,0.16487396643029556,0.26505802718393007
0,314,8065,68,75,6,0,0,0.20914801445083686,0.16907922483914564,0.26489683352571386
0,315,7900,74,74,6,0,0,0.20614047538177296,0.16442051136214708,0.2641642356157077
0,316,7655.0,82,82,6,0,0,0.203794956594423,0.163775618550702,0.2641642356157077
0,317,7063.75,88,89,7,0,0,0.2062603506524675,0.1640885018716756,0.26480690165327136
0,318,6174.6875,94,97,11,0,0,0.20994982636319853,0.16367033659430474,0.26506617522254794
0,319,5258.359375,101,105,11,1,0,0.2114333968114004,0.16205501205405798,0.26524814285143905
0,320,4967.94921875,103,110,11,1,0,0.21014752170814935,0.15851609661630336,0.26489683352571386
0,321,4844.9365234375,102,112,11,1,0,0.2103241748950748,0.15660339126579356,0.2649574931661
0,322,5036.170654296875,104,114,10,1,0,0.20985460965651184,0.156471294149132,0.2613719777152348
0,323,5335.213317871094,101,114,10,1,0,0.2103241748950748,0.15209371539246222,0.26208762146040293
0,324,5664.016647338867,101,111,10,1,0,0.20985460965651184,0.14856854864078234,0.2632098932732071
0,325,6360.020809173584,103,106,9,1,0,0.20632917899831404,0.14513988772269415,0.25987493042978566
0,326,7275.02601146698,97,103,7,1,0,0.2065717283325475,0.143070935122516,0.259620982051601
0,327,8493.782514333725,95,98,5,1,0,0.20393733472147618,0.12909730373421818,0.25868317954794895
0,328,8950,89,90,6,1,0,0.203794956594423,0.12001856894936502,0.2575490116788827
0,329,8710,85,84,5,1,0,0.20100163167245932,0.11909474011541865,0.25264375347910917
0,330,8545,84,75,5,1,0,0.1990096194292491,0.11135775107723492,0.251890377551668
0,331,8455,77,67,6,1,0,0.19457729312679622,0.11165279479719456,0.252399323343148
0,332,8440,79,63,5,1,0,0.19323654309847926,0.1103961953785961,0.25209240421886403
0,333,8245,70,60,5,1,0,0.1944215414100368,0.1103961953785961,0.25209240421886403
0,334,8290,68,55,7,1,0,0.19426578969327743,0.1097296833999169,0.2519903289981595
0,335,8380,64,49,6,1,0,0.19088800163302266,0.10266486191628753,0.25185064265275997
0,336,8395,68,44,6,0,0,0.1878030417507045,0.09955741106301122,0.2394001737511374
0,337,8380,73,44,5,0,0,0.1869847882629344,0.09384178127973815,0.23449766085373738
0,338,8320,73,46,6,0,0,0.18859801494007566,0.10751152828267961,0.23823732839830083
0,339,8230,78,48,6,0,0,0.18828958827974202,0.0964039468182546,0.23728157562385352
0,340,8125,85,48,6,0,0,0.18762492188200058,0.10206632735548382,0.23489321879735045
0,341,7960,94,55,8,0,0,0.1879811616194084,0.11798455080275921,0.236554967073805
0,342,7685.0,100,59,9,0,0,0.1890116787758145,0.11733156534348241,0.23480318866160613
0,343,7146.25,112,63,10,0,0,0.18831559875346565,0.11798455080275921,0.23385116783736412
0,344,6247.8125,120,72,9,1,0,0.18845680684677066,0.1221750845541554,0.23686098529272956
0,345,5184.765625,131,78,9,2,0,0.1878030417507045,0.10113801032135986,0.23862494351591304
0,346,4605.95703125,135,80,9,2,0,0.1878030417507045,0.10659170233645272,0.24057476505814818
0,347,4212.4462890625,145,76,9,2,0,0.186629306807416,0.10113801032135986,0.23665697314677986
0,348,3810.557861328125,151,74,9,2,0,0.18528447356495348,0.09562890716521599,0.23406666550948854
0,349,3563.1973266601562,152,70,9,2,0,0.18444552834985672,0.09259101505387371,0.23385116783736412
0,350,3493.9966583251953,150,70,8,2,0,0.1823741850173839,0.09184691139345696,0.2315577846443037
0,351,3542.495822906494,148,70,6,2,0,0.1823741850173839,0.0926301151291617,0.23045571094146627
0,352,3753.1197786331177,142,68,5,2,0,0.18305210301833247,0.09259101505387371,0.23039257176834932
0,353,4091.399723291397,135,64,5,1,0,0.18044006868168438,0.09525840469640136,0.2286705363214502
0,354,4604.249654114246,128,62,5,1,0,0.1801050490974213,0.09270831527973766,0.22750515116285594
0,355,5185.312067642808,115,54,5,1,0,0.1814374743231972,0.09027069641895849,0.22747025154224398
0,356,5881.64008455351,106,52,4,1,0,0.18169626701643535,0.08447055455537411,0.22544640775390792
0,357,6542.050105691887,97,45,4,1,0,0.17977002951315826,0.08379974105297999,0.22204623271445573
0,358,7262.562632114859,89,41,2,1,0,0.1781797637084033,0.07920878355947575,0.22345525079068315
0,359,8028.203290143574,84,37,1,1,0,0.177822301378289,0.07272450229545543,0.22431985159869577
0,360,8980,75,30,1,0,0,0.17297043856215388,0.061103580301766616,0.2082026719007688
0,361,9025,65,25,1,0,0,0.17119043116166888,0.034467599806490154,0.21328427310289808
0,362,9025,60,21,0,0,0,0.1676136702802341,0.02495489952822088,0.20755894721334828
0,363,9085,52,19,0,0,0,0.17119043116166888,0.025526743273618636,0.21289978799358475
0,364,9115,49,18,0,0,0,0.1618174200970319,0.02056708969294975,0.21289978799358475
0,365,9130,46,18,0,0,0,0.16471554518863302,0.02276099461058531,0.21567511547923005
0,366,9190,42,19,0,0,0,0.17119043116166888,0.011327398743658299,0.22113676483003625
0,367,9160,45,18,0,0,0,0.17119043116166888,0.005663699371829149,0.2130615171824013
0,368,9130,43,20,0,0,0,0.17119043116166888,0.020504123468604293,0.2271058793232178
0,369,9115,42,24,0,0,0,0.18144449718901398,0.018278735438795997,0.24184511279694962
0,370,9055,47,25,0,0,0,0.16884107010448832,0.022729511498412583,0.23734566577098093
0,371,8920,53,27,0,0,0,0.1590751471733871,0.008495549057743725,0.23734566577098093
0,372,8860,58,29,0,0,0,0.15451793127272087,0.0010936382540579909,0.24171983301999325
0,373,8740,62,31,0,0,0,0.1459743150014972,0.0021872765081159817,0.24313873917999668
0,374,8605,72,36,0,0,0,0.15881712598655195,0.01450155383011357,0.24159455324303689
0,375,8395,80,39,0,0,0,0.1459743150014972,0.020504123468604293,0.24141918449987265
0,376,8245,92,43,0,0,0,0.14542836377306145,0.027409274237902653,0.2372988291042754
0,377,8050,99,44,0,0,0,0.13236200437733084,0.02327173469634413,0.22646669616702036
0,378,7990,102,50,0,0,0,0.13424295517086537,0.02665119168600965,0.2326881732475783
0,379,7752.5,114,52,0,0,0,0.13237178664671206,0.03216619995956539,0.2179008933534145
0,380,7305.625,125,55,0,0,0,0.13232467047225366,0.031600089854316886,0.21472549068905394
0,381,6462.03125,138,62,1,0,0,0.13238156891609332,0.028730144690564535,0.22133953796147451
0,382,5347.5390625,153,66,1,0,0,0.1318481948800474,0.030099399629587624,0.22017867552661022
0,383,4749.423828125,163,65,1,0,0,0.1255642558549841,0.02634393500292128,0.21469400612506093
0,384,4271.77978515625,172,67,1,0,0,0.12323126883622186,0.028125954843322004,0.2118121310846554
0,385,4034.7247314453125,173,66,1,0,0,0.12293389618232334,0.02872759888212063,0.2118121310846554
0,386,3963.4059143066406,174,67,1,0,0,0.12323126883622186,0.028722507265232816,0.21187698224610688
0,387,4084.257392883301,169,66,2,0,0,0.12428804925628621,0.03055581794259532,0.21469400612506093
0,388,4535.321741104126,164,61,2,0,0,0.12343077974525832,0.03125199921707636,0.21184455666538116
0,389,5159.1521763801575,162,58,2,0,0,0.12293389618232334,0.03090390857983584,0.2096261035024344
0,390,5848.940220475197,153,53,2,0,0,0.11205231937831513,0.028125954843322004,0.20537282995266481
0,391,6651.175275593996,143,53,2,0,0,0.12293389618232334,0.03090390857983584,0.21145430362408865
0,392,7518.969094492495,139,48,2,0,0,0.1135746347983729,0.028730144690564535,0.20480706658487285
0,393,8213.711368115619,116,44,3,0,0,0.12198627803322906,0.03033916259106097,0.21405369698767393
0,394,8695,111,38,3,0,0,0.12149400340890643,0.028133592268653723,0.20792211453817197
0,395,8665,100,36,3,0,0,0.12283603443746129,0.024807901839316592,0.21112890174424764
0,396,8605,98,28,2,0,0,0.09335133693342597,0.012806508996308853,0.19331650790475863
0,397,8695,81,22,1,0,0,0.07237610293744617,0.012806508996308853,0.18190335782620065
0,398,8845,76,17,2,0,0,0.06774838663288721,0.018571604098856824,0.17887123838970426
0,399,8995,67,16,3,0,0,0.06675886466742209,0.023770697136455462,0.18169317909367913
0,400,8950,66,13,3,0,0,0.06542438219074015,0.023770697136455462,0.16072549046127366
0,401,8935,63,11,3,0,0,0.06544595099885918,0.023271868675711904,0.1578686323906307
0,402,8980,62,12,3,0,0,0.06544595099885918,0.025267182518686135,0.1779514065793154
0,403,8935,67,9,3,0,0,0.05854961278517175,0.023704017452440378,0.13470016541060859
0,404,8845,74,11,3,0,0,0.06363740901667103,0.025094893447583796,0.1365900862980002
0,405,8830,74,10,3,0,0,0.062144886284444464,0.023988061345821363,0.12834383544735972
0,406,8740,77,13,5,0,0,0.06544595099885918,0.024922604376481458,0.15879645900340914
0,407,8665,79,15,5,0,0,0.06455925478312059,0.024922604376481458,0.13760722800783443
0,408,8560,84,18,6,0,0,0.06684839627087259,0.027840517256884207,0.18199542701074808
0,409,8410,92,20,6,0,0,0.06631773593982984,0.027689709110343214,0.16997251638983496
0,410,8305,99,22,7,0,0,0.06688163433195649,0.027840517256884207,0.14975184641494688
0,411,8095,115,23,7,0,0,0.06628449787874596,0.02767353058433461,0.14159790517405385
0,412,7900,120,29,8,0,0,0.07025334902585746,0.02767353058433461,0.18929414807177786
0,413,7565.0,134,31,9,0,0,0.06883282184442835,0.027689709110343214,0.19136465719319024
0,414,6906.25,147,36,9,1,0,0.07059186457828208,0.027738244688369024,0.19280874446108498
0,415,5797.8125,165,36,10,1,0,0.07042846107152909,0.027669509974912042,0.18812340245131104
0,416,4892.265625,174,40,12,1,0,0.07026505756477608,0.025271162433715237,0.19243178568070635
0,417,4135.33203125,178,41,12,1,0,0.06775928147388516,0.023712779920550098,0.192243306290517
0,418,3534.1650390625,183,39,13,1,0,0.07108989353594838,0.024161375553108416,0.18812340245131104
0,419,2992.706298828125,185,40,14,2,0,0.07026505756477608,0.024515540498937272,0.19280874446108498
0,420,2435.8828735351562,186,38,14,2,0,0.07042846107152909,0.023712779920550098,0.18998431777891533
0,421,1919.8535919189453,188,37,14,2,0,0.0717668909132058,0.024515540498937272,0.18929414807177786
0,422,1544.8169898986816,188,34,12,2,0,0.07085557614464465,0.0239601465695109,0.18088378209242875
0,423,1256.021237373352,185,33,12,2,0,0.07085557614464465,0.023064360681556977,0.1731598574297054
0,424,910.0265467166901,176,32,11,2,0,0.07111928771100721,0.021783177443461088,0.1792628840511747
0,425,342.5331833958626,167,32,10,2,0,0.0715879224936147,0.021993359694500565,0.18127472914452636
0,426,0,156,26,8,2,0,0.0704523106151804,0.020708113671039072,0.16141465998784804
0,427,0,145,22,8,2,0,0.06668574979671221,0.020827187117445464,0.15571059848613886
0,428,0,128,19,6,1,0,0.06758855418276838,0.020469966778226285,0.15537857240585812
0,429,0,113,14,5,1,0,0.06668574979671221,0.016993360460534977,0.12624218470994716
0,430,0,98,8,4,1,0,0.06075392019967636,0.01265808446343745,0.11217618567686959
0,431,0,79,6,2,1,0,0.059499558503047806,0.012921622104088757,0.10115298379914914
0,432,0,62,4,2,1,0,0.048561341088745304,0.011791659605556934,0.09296256032857188
0,433,0,48,4,1,1,0,0.05505344446846925,0.012584314619318374,0.08650805008844441
0,434,0,38,3,1,0,0,0.05179524091842466,0.012584314619318374,0.08119141746155296
0,435,0,30,2,1,0,0,0.039781217585790896,0.011791659605556934,0.07785425174848583
0,436,0,20,2,1,0,0,0.027183500058803222,0.011008000003475082,0.07643758831119152
0,437,40,16,2,0,0,0,0.03292736267913532,0.010616170202434156,0.07340099195950166
0,438,5.0,13,1,0,0,0,0.01288295611995104,0.010616170202434156,0.059770385547798476
0,439,0,9,1,0,0,0,0.03292736267913532,0.010795891494844747,0.07340099195950166
0,440,0,6,0,0,0,0,0.012735416431712885,0.010795891494844747,0.042910899974589745
0,441,0,6,0,0,0,0,0.012735416431712885,0.010795891494844747,0.042910899974589745
0,442,0,5,0,0,0,0,0.012510544775199296,0.01022434040139323,0.012960288088226475
0,443,0,3,0,0,0,0,0.012960288088226475,0.011592314244809852,0.03292736267913532
0,444,0,1,0,0,0,0,0.05289443727004417,0.05289443727004417,0.05289443727004417